0.722	0.66	5	-6.414	1	0.0636	0.411	0.869	0.138	0.931	136.998	133782	4	48.02682	5	0
0.406	0.337	9	-9.507	1	0.028	0.787	1.38e-06	0.0814	0.272	84.042	241933	4	48.75553	13	0
0.682	0.377	11	-12.521	0	0.118	0.202	0	0.0584	0.739	138.419	110160	4	51.60982	5	0
0.472	0.53	5	-12.104	0	0.0314	0.828	0.88	0.106	0.657	103.769	436893	5	31.6943	21	0
0.553	0.487	0	-12.583	1	0.0666	0.626	9.09e-06	0.885	0.805	112.002	179733	4	94.63712	6	0
0.535	0.748	9	-4.943	1	0.0276	0.593	0	0.352	0.857	140.064	124880	4	54.03863	7	0
0.239	0.315	2	-14.396	1	0.029	0.888	0.325	0.116	0.345	175.415	246093	4	23.23052	12	0
0.638	0.711	10	-11.806	0	0.0934	0.0651	0.00942	0.369	0.48	118.073	219973	4	50.56047	12	0
0.616	0.27	2	-9.152	1	0.0466	0.891	2.6e-05	0.104	0.258	79.909	229267	3	28.80749	13	0
0.416	0.538	0	-11.958	1	0.0351	0.104	0	0.394	0.558	116.295	149908	4	58.9628	8	0
0.499	0.79	9	-10.487	1	0.0327	0.012	0.125	0.115	0.967	157.046	168267	4	88.98225	6	0
0.198	0.484	10	-9.943	0	0.0426	0.821	0.894	0.137	0.16	106.636	145360	4	37.66142	4	0
0.567	0.163	5	-11.128	1	0.0344	0.831	0	0.11	0.28	113.667	438547	4	64.79602	29	0
0.782	0.434	10	-16.347	0	0.13	0.298	6.9e-05	0.0922	0.81	94.922	148347	4	32.3551	5	0
0.61	0.535	2	-10.538	0	0.0703	0.778	0.000163	0.123	0.965	156.054	137307	4	27.53508	8	0
0.595	0.768	4	-5.35	0	0.0329	0.51	0	0.549	0.761	141.878	152827	4	48.09257	8	0
0.338	0.468	2	-9.393	1	0.0322	0.526	0	0.312	0.753	110.049	125853	4	34.18596	7	0
0.357	0.636	5	-9.43	0	0.394	0.789	0	0.982	0.715	146.298	191920	4	27.72435	8	0
0.659	0.279	7	-14.358	1	0.0483	0.671	0.142	0.218	0.58	108.93	131133	4	34.26308	6	0
0.544	0.561	0	-6.096	1	0.0275	0.366	0	0.127	0.523	89.102	126427	4	30.4072	7	0
0.417	0.706	9	-7.993	1	0.0306	0.513	0.847	0.0793	0.785	149.779	118911	4	46.99798	7	0
0.486	0.36	0	-10.209	0	0.0433	0.724	1.48e-06	0.118	0.558	128.712	150760	4	33.12497	7	0
0.723	0.63	5	-7.799	1	0.0591	0.59	0.857	0.129	0.952	136.968	133067	4	51.95844	5	0
0.653	0.582	0	-14.449	0	0.0526	0.394	3.25e-06	0.174	0.716	90.26	104907	4	31.49302	6	0
0.467	0.158	10	-16.71	0	0.0981	0.875	0	0.359	0.615	172.516	167533	4	21.76325	10	0
0.504	0.571	2	-13.548	1	0.1	0.438	0.000411	0.826	0.855	111.308	273933	4	42.02694	11	0
0.358	0.359	9	-13.324	0	0.0281	0.859	1.87e-05	0.103	0.702	175.969	169240	4	55.29979	9	0
0.273	0.614	7	-9.719	1	0.045	0.00242	3.51e-05	0.171	0.556	79.832	176771	4	46.97034	9	0
0.508	0.647	11	-7.27	1	0.0332	0.301	5.82e-05	0.196	0.946	81.111	175480	4	43.04791	9	0
0.565	0.897	0	-6.405	1	0.0834	0.245	9.95e-05	0.233	0.759	138.647	140800	4	43.58945	7	0
0.44	0.475	7	-12.143	1	0.0307	0.454	0.0164	0.205	0.44	115.564	184133	4	26.26189	10	0
0.22	0.574	7	-8.062	1	0.0464	0.0837	0.0769	0.0743	0.329	84.245	200680	4	28.47752	11	0
0.555	0.725	9	-9.83	1	0.077	0.728	8.15e-06	0.172	0.82	114.572	126107	4	34.40354	7	0
0.377	0.831	9	-12.944	0	0.238	0.0254	0.0391	0.235	0.276	129.272	176400	4	36.83474	7	0
0.373	0.791	7	-11.73	1	0.0813	0.00427	0.21	0.811	0.419	110.178	154893	4	21.00416	9	0
0.55	0.551	11	-12.299	0	0.0584	0.0337	0	0.273	0.712	123.686	203467	4	28.40168	10	0
0.59	0.527	2	-9.264	1	0.0306	0.684	0	0.18	0.553	116.16	162693	4	68.83554	8	0
0.286	0.834	9	-9.993	1	0.0474	0.414	0.00249	0.44	0.418	148.974	361747	4	44.92833	16	0
0.508	0.559	2	-10.563	1	0.0349	0.0726	2.07e-06	0.735	0.82	143.567	185040	4	32.74409	10	0
0.567	0.439	0	-12.219	1	0.0313	0.82	0.512	0.107	0.583	149.794	211760	4	36.7958	9	0
0.695	0.585	3	-11.84	1	0.0504	0.675	3.03e-05	0.36	0.957	130.182	156227	4	23.59482	10	0
0.223	0.364	3	-11.605	1	0.032	0.475	0.756	0.216	0.209	107.03	139227	4	124.29476	3	0
0.301	0.487	9	-13.922	1	0.0415	0.112	0.000963	0.345	0.653	123.452	196747	4	32.92367	8	0
0.574	0.493	0	-11.308	1	0.0876	0.0695	0.0592	0.135	0.542	146.669	199280	4	29.0472	12	0
0.681	0.0759	9	-21.827	1	0.0343	0.894	8.6e-05	0.12	0.296	105.584	254533	3	25.10009	11	0
0.698	0.656	0	-12.171	1	0.231	0.288	0	0.0754	0.606	82.589	186853	4	69.79761	7	0
0.413	0.284	5	-17.559	1	0.0316	0.784	0	0.508	0.565	105.456	141333	1	76.28541	4	0
0.499	0.848	7	-8.189	1	0.178	0.137	0.0301	0.303	0.817	165.258	140620	4	31.70402	8	0
0.535	0.583	2	-10.121	1	0.0432	0.378	0.00309	0.283	0.521	120.383	138467	4	41.41349	8	0
0.653	0.69	0	-4.866	1	0.0312	0.172	0.0254	0.123	0.664	134.548	276067	4	34.55519	13	0
0.451	0.304	9	-16.371	1	0.0376	0.264	0.76	0.0876	0.464	100.484	290867	4	31.56058	15	0
0.419	0.294	2	-13.623	1	0.0482	0.437	0	0.173	0.441	120.384	314455	3	40.75387	12	0
0.42	0.259	11	-20.903	0	0.0886	0.87	0.56	0.128	0.552	76.662	300070	4	51.23023	13	0
0.37	0.726	11	-5.81	0	0.0735	0.906	0.0181	0.393	0.92	188.416	142351	4	23.19924	9	0
0.644	0.403	6	-14.353	1	0.195	0.898	0	0.0525	0.929	86.717	172040	4	41.87557	7	0
0.894	0.28	7	-11.515	1	0.0545	0.31	0	0.132	0.842	112.451	144960	4	43.21448	7	0
0.602	0.763	2	-11.599	1	0.0324	0.121	0.0511	0.0935	0.779	135.81	233493	4	44.40534	9	0
0.389	0.448	2	-13.321	1	0.0456	0.104	0.0112	0.442	0.83	168.457	253518	4	25.72441	10	0
0.1	0.229	8	-15.344	1	0.0387	0.938	0.824	0.0957	0.0434	83.483	193693	4	25.34821	9	0
0.563	0.261	5	-12.092	1	0.0283	0.554	6.9e-06	0.0867	0.266	114.166	222493	3	26.0916	10	0
0.592	0.834	2	-11.565	1	0.0334	0.322	0	0.364	0.809	130.967	174133	4	35.1592	8	0
0.471	0.214	5	-17.118	1	0.1	0.757	2.01e-05	0.125	0.829	188.122	131839	4	31.67756	6	0
0.258	0.0311	2	-31.28	1	0.0538	0.973	0.966	0.0458	0.263	75.336	99240	4	31.00066	8	0
0.677	0.404	0	-12.042	1	0.0357	0.0751	0	0.14	0.81	133.5	138333	4	62.5563	6	0
0.597	0.305	0	-18.529	1	0.104	0.276	0.00101	0.61	0.749	147.257	166173	4	44.13761	7	0
0.523	0.66	11	-7.505	1	0.0334	0.587	0.000102	0.0733	0.903	104.263	139587	4	26.80868	8	0
0.217	0.263	9	-18.307	1	0.0333	0.359	0.876	0.141	0.106	62.202	225827	4	69.07154	8	0
0.215	0.157	1	-20.522	1	0.0335	0.277	0.417	0.112	0.149	85.754	59893	4	26.54191	5	0
0.499	0.776	1	-11.056	1	0.0388	0.509	0.786	0.118	0.963	121.999	372373	4	39.13469	17	0
0.568	0.401	5	-11.192	1	0.0326	0.739	0.000143	0.137	0.831	129.575	151159	4	37.9992	7	0
0.468	0.433	6	-15.088	0	0.0557	0.0306	0	0.0974	0.841	81.189	148280	4	28.04066	9	0
0.561	0.467	8	-10.82	1	0.0471	0.415	0	0.0913	0.61	134.359	405093	4	29.09687	21	0
0.524	0.561	2	-7.655	1	0.0277	0.442	0	0.523	0.641	122.948	159320	4	28.11568	9	0
0.54	0.936	9	-8.006	0	0.0858	0.384	1.55e-06	0.697	0.815	87.968	125907	4	40.71727	6	0
0.52	0.535	8	-7.274	1	0.0409	0.756	0	0.29	0.524	76.779	139360	4	31.41017	8	0
0.772	0.453	4	-14.292	1	0.0436	0.591	1.37e-05	0.0596	0.761	99.709	109653	4	20.07878	8	0
0.53	0.214	7	-14.933	1	0.0412	0.978	0.217	0.0822	0.68	109.639	137667	4	42.36796	6	0
0.49	0.613	7	-6.743	1	0.0301	0.576	0	0.362	0.554	95.922	131080	4	44.47005	6	0
0.525	0.441	9	-7.607	1	0.0268	0.755	0	0.132	0.437	111.177	163467	4	33.64506	10	0
0.505	0.564	1	-6.548	1	0.0319	0.0983	0	0.279	0.736	115.531	132453	4	27.02434	9	0
0.57	0.611	0	-17.29	0	0.935	0.883	0.000638	0.203	0.348	85.903	84909	4	30.23912	6	0
0.318	0.467	0	-12.341	1	0.103	0.873	0	0.196	0.379	135.089	198133	4	33.37634	11	0
0.441	0.111	2	-16.323	1	0.0266	0.961	0	0.111	0.137	74.309	162400	3	65.88479	7	0
0.54	0.323	9	-9.796	1	0.032	0.62	2.14e-05	0.136	0.303	80.101	197227	4	58.48559	9	0
0.671	0.382	11	-12.708	0	0.0437	0.835	0	0.124	0.621	124.945	238267	4	33.49188	11	0
0.348	0.49	3	-15.492	1	0.512	0.835	0.523	0.899	0.374	151.009	298213	4	38.38967	12	0
0.595	0.642	2	-10.18	0	0.065	0.0167	0.000205	0.0781	0.802	123.382	152373	4	17.43811	8	0
0.273	0.786	9	-12.934	1	0.0566	0.000534	0.000957	0.315	0.455	135.931	254347	4	31.31172	15	0
0.424	0.522	10	-11.453	1	0.0396	0.528	0.00415	0.284	0.497	129.464	149000	3	43.69318	8	0
0.375	0.597	11	-6.058	0	0.0486	0.0104	0.00158	0.44	0.516	93.712	213733	4	47.49896	14	0
0.447	0.596	5	-7.571	0	0.0376	0.419	1.07e-05	0.278	0.591	106.555	126787	4	26.23665	6	0
0.459	0.836	2	-7.359	1	0.107	0.127	0	0.135	0.932	153.342	138733	4	38.42968	6	0
0.61	0.872	9	-7.797	0	0.0699	0.133	0	0.0781	0.859	134.939	113693	4	68.35559	5	0
0.562	0.73	2	-10.284	1	0.104	0.76	0.000773	0.513	0.905	154.107	121027	4	34.73803	6	0
0.471	0.214	5	-17.118	1	0.1	0.757	2.01e-05	0.125	0.829	188.122	131840	4	31.67756	6	0
0.41	0.121	5	-17.838	0	0.0346	0.811	0.0014	0.137	0.216	111.103	171827	4	38.71189	8	0
0.674	0.72	4	-10.081	0	0.0672	0.657	0.92	0.272	0.941	132.108	58360	4	37.18781	3	0
0.19	0.453	9	-14.773	1	0.0477	0.84	0.957	0.263	0.697	116.228	103053	3	33.01521	7	0
0.298	0.65	5	-5.27	1	0.0327	0.0262	0.00306	0.514	0.474	88.713	173733	4	35.49463	9	0
0.607	0.77	2	-5.763	1	0.0454	0.0277	0	0.112	0.723	130.279	149360	4	52.40414	8	0
0.646	0.316	4	-15.508	1	0.0533	0.0828	0.0104	0.223	0.661	83.603	132333	4	50.67382	7	0
0.628	0.141	5	-17.166	0	0.0512	0.993	0.626	0.11	0.639	122.944	109467	4	27.81455	6	0
0.487	0.846	11	-6.389	0	0.0945	0.0388	8.16e-06	0.0949	0.677	128.8	173827	4	60.15018	6	0
0.466	0.298	9	-13.102	0	0.029	0.942	0.00536	0.196	0.27	96.863	133627	3	44.52088	8	0
0.709	0.772	5	-10.889	1	0.0388	0.135	0.856	0.102	0.928	94.542	184533	4	46.67783	9	0
0.517	0.862	9	-10.713	1	0.0458	0.109	0.91	0.0507	0.605	160.417	155533	4	57.94309	7	0
0.186	0.228	1	-17.258	1	0.0333	0.834	7.03e-05	0.363	0.144	74.18	194413	3	39.90448	9	0
0.635	0.568	8	-6.342	1	0.0282	0.134	0	0.152	0.553	125.908	163240	4	24.59362	9	0
0.517	0.567	2	-6.911	1	0.0351	0.388	0.105	0.107	0.494	91.459	354133	4	34.48375	16	0
0.516	0.684	4	-5.966	1	0.0292	0.271	0	0.0934	0.856	105.846	221653	4	24.0654	11	0
0.643	0.376	5	-11.703	1	0.0502	0.658	0	0.175	0.903	122.144	148154	4	46.04775	6	0
0.442	0.548	5	-11.588	1	0.0375	0.0984	0	0.122	0.955	85.187	133293	4	29.54515	7	0
0.436	0.278	10	-16.008	1	0.05	0.657	0.0007	0.0867	0.309	95.607	121333	4	44.13635	7	0
0.639	0.601	2	-11.94	0	0.202	0.176	0.000139	0.0898	0.255	123.457	165267	4	48.55583	7	0
0.468	0.706	8	-8.873	1	0.131	0.141	0.000445	0.13	0.889	131.028	193907	4	58.89577	8	0
0.511	0.856	9	-7.642	1	0.077	0.665	0.000303	0.104	0.69	116.398	136773	4	22.12125	7	0
0.253	0.105	7	-17.508	1	0.0315	0.967	0.000348	0.129	0.0641	77.992	192973	4	23.38558	10	0
0.325	0.12	0	-20.436	0	0.0431	0.895	0.000884	0.157	0.0933	115.963	177840	4	27.24366	9	0
0.419	0.264	2	-15.787	0	0.035	0.948	0.0374	0.177	0.273	124.661	180533	3	31.7119	14	0
0.651	0.646	9	-9.498	1	0.0322	0.202	0	0.201	0.926	119.851	134587	4	22.99704	9	0
0.54	0.418	4	-13.543	1	0.0431	0.791	0	0.602	0.738	67.823	79227	4	53.31078	3	0
0.507	0.49	8	-14.895	1	0.0467	0.315	0.000914	0.261	0.416	107.02	340733	4	60.46136	16	0
0.35	0.649	5	-15.04	1	0.526	0.825	0.277	0.712	0.259	100.568	74293	3	20.23676	4	0
0.372	0.0802	10	-19.987	0	0.0412	0.966	0.755	0.101	0.039	133.438	76480	4	23.98329	5	0
0.403	0.461	1	-14.43	1	0.0346	0.767	0	0.0766	0.789	153.766	174160	4	90.84384	6	0
0.571	0.568	4	-9.548	0	0.0638	0.666	0.217	0.174	0.459	118.944	377293	4	26.6343	18	0
0.82	0.371	0	-13.278	1	0.0666	0.661	3.76e-05	0.0875	0.942	151.127	143480	4	72.69571	6	0
0.611	0.352	0	-13.976	1	0.0324	0.571	0	0.133	0.728	108.492	186333	4	36.99501	7	0
0.376	0.504	8	-12.02	1	0.0311	0.604	0	0.158	0.41	75.451	184613	4	37.59454	10	0
0.577	0.38	1	-15.069	1	0.0302	0.405	0.785	0.117	0.553	105.137	221400	4	29.78657	11	0
0.553	0.538	2	-7.143	1	0.0277	0.686	0	0.221	0.65	129.831	123413	4	26.88815	9	0
0.635	0.629	6	-8.23	1	0.0968	0.851	0	0.151	0.548	111.294	135773	4	36.69739	8	0
0.658	0.356	9	-13.634	1	0.0561	0.538	0	0.0912	0.509	111.03	312240	4	25.7159	16	0
0.573	0.772	5	-5.736	1	0.0435	0.8	0.00269	0.14	0.94	129.535	129770	4	34.35428	7	0
0.555	0.612	0	-8.061	1	0.0538	0.349	0	0.222	0.778	137.834	139800	4	61.60205	6	0
0.411	0.602	1	-11.374	1	0.0364	0.663	0.0675	0.694	0.682	99.034	115067	4	27.47579	7	0
0.465	0.746	0	-4.694	1	0.119	0.395	6.26e-05	0.066	0.799	121.501	163747	4	35.0487	7	0
0.619	0.585	2	-12.896	1	0.0754	0.348	0.797	0.0827	0.824	93.209	167867	4	60.7448	9	0
0.417	0.356	0	-10.639	0	0.0273	0.588	0.289	0.138	0.504	102.074	162387	4	24.45901	8	0
0.492	0.621	2	-8.879	1	0.0388	0.285	0	0.118	0.59	114.935	159333	4	34.72808	7	0
0.34	0.427	1	-10.042	1	0.0312	0.11	0.615	0.122	0.404	120.646	203187	3	75.01164	8	0
0.615	0.197	9	-16.209	1	0.0368	0.839	4.53e-06	0.0787	0.113	137.756	173040	5	27.72535	11	0
0.718	0.124	9	-17.819	0	0.0385	0.453	0.884	0.08	0.457	83.068	241800	4	25.03068	14	0
0.432	0.645	8	-9.97	1	0.0964	0.0814	3.24e-05	0.229	0.762	104.528	209547	3	50.31308	9	0
0.724	0.775	1	-5.841	1	0.106	0.494	0	0.0794	0.935	130.854	158613	4	22.54516	8	0
0.399	0.315	10	-9.18	1	0.0269	0.88	0.00162	0.104	0.426	97.662	181080	4	67.3668	9	0
0.272	0.144	8	-17.371	1	0.0355	0.946	0.972	0.13	0.167	88.495	34173	4	27.01899	3	0
0.349	0.245	3	-21.205	1	0.0901	0.779	0.455	0.19	0.45	202.503	481158	3	58.47939	24	0
0.618	0.184	4	-15.145	1	0.0289	0.637	0.904	0.145	0.449	99.644	158400	4	43.2555	8	0
0.23	0.617	4	-7.035	0	0.0358	0.383	1.88e-06	0.2	0.255	92.061	229187	4	29.80254	9	0
0.533	0.316	2	-7.725	0	0.0295	0.814	0	0.0781	0.216	98.657	144560	4	40.66713	9	0
0.415	0.805	4	-10.471	1	0.0491	0.681	0	0.518	0.751	114.504	317067	4	47.05005	13	0
0.491	0.0867	5	-14.24	0	0.0345	0.979	0	0.0905	0.157	88.072	147107	4	59.41712	5	0
0.394	0.371	7	-17.426	1	0.0558	0.0738	0.164	0.286	0.404	157.941	434107	4	47.65055	20	0
0.538	0.89	9	-5.256	1	0.0455	0.644	0	0.208	0.861	121.032	165467	4	33.18697	10	0
0.486	0.629	9	-9.785	1	0.0339	0.133	3.57e-05	0.313	0.861	138.906	185907	4	43.3006	11	0
0.336	0.474	0	-9.771	1	0.0389	0.789	7.37e-06	0.303	0.317	84.239	215453	3	60.17212	7	0
0.522	0.351	0	-14.563	0	0.0279	0.766	0.81	0.248	0.538	85.933	176667	4	25.47008	11	0
0.201	0.579	6	-10.741	1	0.0436	0.00107	0.00288	0.127	0.531	79.979	166813	4	34.82721	9	0
0.573	0.822	4	-9.036	0	0.112	0.312	0.279	0.658	0.822	114.181	155613	4	28.99932	7	0
0.679	0.64	11	-11.078	1	0.0432	0.839	0	0.115	0.803	124.977	152507	4	31.93488	7	0
0.456	0.596	5	-8.769	0	0.0283	0.241	0.587	0.23	0.308	134.801	327600	4	30.97689	14	0
0.387	0.553	9	-11.34	0	0.0347	0.603	1.81e-06	0.0954	0.289	117.849	199840	4	31.00695	12	0
0.568	0.293	2	-13.897	1	0.0465	0.331	0	0.0722	0.337	136.325	286373	4	50.1587	10	0
0.286	0.667	7	-12.187	1	0.0442	0.264	0.00814	0.153	0.476	140.591	166117	4	40.44472	8	0
0.396	0.65	1	-11.915	1	0.0733	0.0402	0.000161	0.261	0.69	109.299	114960	4	35.52437	7	0
0.507	0.699	2	-8.814	0	0.0379	0.854	0.712	0.477	0.726	137.871	497933	4	29.47376	25	0
0.318	0.964	9	-4.862	1	0.0813	0.0554	0	0.0867	0.77	163.617	166813	4	21.26065	9	0
0.621	0.57	2	-8.774	1	0.03	0.141	0	0.115	0.536	118.291	168760	4	26.27717	9	0
0.587	0.755	2	-9.666	0	0.0395	0.11	0.945	0.126	0.795	84.752	240933	4	45.21612	12	0
0.367	0.949	11	-8.94	1	0.0956	0.00354	0.0657	0.189	0.21	97.826	245533	4	24.06453	11	0
0.304	0.517	7	-10.031	1	0.0286	0.0898	0.482	0.339	0.174	92.048	362627	4	28.72783	11	0
0.358	0.522	4	-7.917	0	0.0277	0.248	0	0.367	0.536	92.022	177693	4	37.10278	11	0
0.572	0.766	0	-9.083	1	0.0471	0.713	0	0.638	0.663	93.406	172893	4	29.51205	12	0
0.396	0.349	6	-13.117	0	0.0346	0.933	0.584	0.104	0.43	90.757	227507	4	32.89243	11	0
0.489	0.43	9	-7.572	1	0.0346	0.594	0	0.483	0.292	137.561	154667	4	70.2876	6	0
0.601	0.585	8	-9.097	1	0.0285	0.406	0.896	0.107	0.801	109.92	150693	4	46.439	7	0
0.459	0.345	0	-13.388	1	0.0693	0.727	6.66e-06	0.418	0.849	100.816	154067	4	33.63023	8	0
0.505	0.096	7	-20.649	1	0.0382	0.718	0	0.14	0.279	78.041	153507	3	28.40511	8	0
0.419	0.577	2	-11.129	0	0.0485	0.237	6.82e-06	0.0792	0.877	131.17	194400	4	41.52895	10	0
0.331	0.0433	9	-25.502	1	0.0395	0.947	0.871	0.205	0.0448	119.501	283600	4	55.72885	12	0
0.414	0.328	7	-14.709	1	0.0465	0.795	0.87	0.114	0.471	86.405	302400	4	19.06625	16	0
0.796	0.425	1	-10.898	1	0.291	0.214	2.59e-06	0.111	0.838	168.459	132693	4	48.7286	7	0
0.772	0.85	0	-5.543	1	0.0754	0.732	7.47e-05	0.117	0.968	106.437	170920	4	56.59782	8	0
0.738	0.454	2	-10.599	1	0.0435	0.248	0	0.133	0.583	142.045	169707	4	18.44642	6	0
0.363	0.0946	0	-15.837	1	0.0268	0.962	0	0.111	0.141	72.273	174667	4	41.15378	9	0
0.432	0.42	1	-12.103	0	0.0268	0.363	0.829	0.118	0.521	109.032	146933	4	64.31277	6	0
0.563	0.484	9	-9.798	0	0.0341	0.42	0.917	0.143	0.797	109.944	193480	4	46.91505	10	0
0.418	0.284	8	-10.75	1	0.0447	0.67	7.63e-05	0.106	0.314	78.69	793493	4	78.06146	35	0
0.65	0.601	7	-9.673	1	0.0448	0.79	0.000201	0.177	0.63	123.588	190427	4	52.45491	8	0
0.581	0.268	4	-14.354	1	0.0674	0.487	0	0.102	0.689	93.84	170000	4	110.59297	5	0
0.432	0.137	0	-15.825	1	0.0434	0.759	0	0.423	0.246	82.255	258307	4	32.70837	11	0
0.51	0.82	4	-11.18	1	0.0353	0.388	0	0.426	0.865	99.312	127507	4	106.76971	4	0
0.709	0.699	9	-10.629	1	0.0557	0.498	3.93e-06	0.0851	0.927	142.22	166493	4	41.52062	8	0
0.592	0.468	9	-9.841	1	0.0301	0.332	0	0.0914	0.581	134.76	190440	4	31.84729	11	0
0.468	0.367	7	-15.399	0	0.0667	0.484	0.0141	0.279	0.498	113.311	215720	4	39.78015	10	0
0.461	0.0314	10	-22.119	1	0.0381	0.933	0.00023	0.0858	0.177	62.738	197707	4	37.13464	9	0
0.227	0.566	5	-12.286	1	0.0423	0.432	0.0674	0.628	0.484	165.052	368040	4	24.42726	20	0
0.358	0.875	0	-4.717	1	0.168	0.664	0.00106	0.466	0.794	124.737	144000	4	40.03619	6	0
0.64	0.197	0	-17.445	1	0.032	0.885	0.000228	0.178	0.637	97.876	139107	4	51.91519	4	0
0.432	0.197	0	-17.378	1	0.0327	0.272	0.17	0.106	0.506	119.812	318333	4	34.48321	14	0
0.551	0.309	2	-13.227	1	0.0287	0.54	0	0.33	0.638	114.491	189187	4	41.71347	9	0
0.277	0.319	1	-16.92	1	0.037	0.945	0.789	0.363	0.0377	81.73	141080	3	34.17254	9	0
0.563	0.315	7	-17.14	1	0.0932	0.495	0.323	0.265	0.766	79.247	144733	4	24.99185	6	0
0.447	0.528	4	-13.417	1	0.0384	0.0458	3.62e-05	0.139	0.657	116.275	189347	4	41.77999	8	0
0.718	0.3	0	-12.544	1	0.121	0.806	0	0.103	0.764	139.641	141733	4	20.4742	8	0
0.557	0.713	2	-9.6	1	0.049	0.496	2.1e-06	0.0836	0.724	125.301	144031	4	45.14399	8	0
0.348	0.603	2	-13.631	0	0.0362	0.0269	0.00441	0.158	0.777	161.335	528733	4	25.82639	17	0
0.646	0.911	7	-6.228	0	0.101	0.411	0.000484	0.115	0.895	126.122	171688	4	26.34792	9	0
0.605	0.698	0	-5.939	1	0.0315	0.00431	0.545	0.18	0.37	119.666	181093	4	48.56574	8	0
0.764	0.422	10	-11.474	1	0.0361	0.692	0	0.129	0.765	89.917	179733	4	36.05672	9	0
0.604	0.494	2	-13.214	1	0.0747	0.438	0.00121	0.108	0.913	142.64	178267	4	36.30121	11	0
0.305	0.355	9	-18.575	0	0.0397	0.655	0.944	0.0948	0.349	118.654	161093	4	77.81747	6	0
0.514	0.139	4	-27.643	1	0.0394	0.943	0.908	0.0595	0.359	78.742	50600	4	42.1283	3	0
0.335	0.0274	5	-28.644	0	0.0405	0.979	0.767	0.0945	0.193	122.794	314240	4	47.85742	12	0
0.664	0.797	10	-9.261	1	0.0396	0.689	0.0283	0.323	0.93	126.784	75560	4	64.99658	3	0
0.39	0.699	7	-9.87	1	0.807	0.797	0	0.7	0.791	164.574	250893	4	32.27038	10	0
0.369	0.708	7	-7.9	1	0.0806	0.0887	0.117	0.055	0.865	141.625	360813	4	43.85733	13	0
0.507	0.575	5	-7.908	0	0.038	0.213	0.841	0.311	0.875	127.516	139867	4	20.0598	8	0
0.698	0.396	2	-10.517	0	0.0305	0.324	3.89e-06	0.1	0.161	117.622	177373	3	63.0392	9	0
0.361	0.56	7	-9.631	1	0.0448	0.662	0.00907	0.347	0.0494	124.414	168600	4	52.47195	7	0
0.376	0.217	0	-11.523	1	0.0302	0.79	0	0.0967	0.17	95.427	217733	4	26.79058	15	0
0.355	0.413	7	-15.822	1	0.0412	0.0745	0.275	0.177	0.722	178.69	247453	4	62.43786	11	0
0.252	0.362	7	-12.043	1	0.0442	0.882	0.486	0.173	0.0608	136.8	54293	4	26.2159	4	0
0.768	0.74	3	-11.192	1	0.0457	0.433	8.48e-05	0.338	0.939	126.904	107387	4	45.73033	5	0
0.378	0.581	9	-15.993	1	0.032	0.087	0.00291	0.55	0.725	152.455	231146	4	42.49828	10	0
0.573	0.962	7	-8.962	1	0.0384	0.00824	0.149	0.311	0.61	113.857	170627	4	26.60145	10	0
0.544	0.403	2	-11.537	1	0.0325	0.647	0.0344	0.213	0.514	95.301	194227	4	41.89094	11	0
0.463	0.383	1	-12.249	1	0.0283	0.544	0	0.149	0.631	79.152	180867	4	47.62764	10	0
0.461	0.716	10	-8.165	0	0.0412	0.0967	0.0023	0.297	0.808	84.754	160707	4	37.9502	9	0
0.102	0.123	8	-18.957	1	0.0376	0.382	0.369	0.197	0.0742	158.583	29507	5	14.76538	3	0
0.563	0.214	7	-21.989	1	0.134	0.819	0.644	0.156	0.856	171.641	142440	4	34.91481	9	0
0.488	0.334	11	-18.544	1	0.0682	0.778	0.00137	0.701	0.526	83.837	179133	4	37.48125	4	0
0.693	0.804	0	-10.318	1	0.271	0.174	0	0.0456	0.929	121.807	169267	4	35.48932	11	0
0.236	0.142	2	-24.922	1	0.0409	0.865	0.866	0.235	0.0461	163.948	190093	3	44.97201	12	0
0.563	0.601	0	-8.556	1	0.0359	0.213	0.147	0.727	0.831	97.699	318347	4	28.52645	14	0
0.363	0.635	9	-9.285	1	0.0378	0.0123	6.75e-06	0.108	0.471	129.348	253545	4	60.04693	7	0
0.569	0.244	11	-18.16	0	0.0647	0.357	0	0.125	0.625	124.09	191773	4	27.80405	12	0
0.784	0.388	0	-10.149	1	0.162	0.918	0.00496	0.148	0.561	115.135	82013	3	34.019	5	0
0.586	0.398	5	-12.859	1	0.0409	0.306	0.016	0.155	0.725	123.957	188173	4	41.70041	8	0
0.553	0.597	9	-10.21	1	0.0693	0.0415	0.173	0.19	0.8	156.495	326133	4	39.75116	13	0
0.454	0.431	9	-14.342	0	0.0364	0.99	0.818	0.128	0.62	152.057	164067	4	25.63497	10	0
0.265	0.572	9	-14.063	1	0.0409	0.0673	0.889	0.118	0.698	145.116	197595	4	24.16904	9	0
0.521	0.672	0	-7.259	0	0.0416	0.631	2.04e-06	0.0723	0.692	80.484	406000	4	44.79503	14	0
0.264	0.472	7	-9.915	1	0.0479	0.661	0.000206	0.133	0.346	81.662	192053	4	35.35294	11	0
0.283	0.47	2	-11.757	1	0.0352	0.754	0	0.149	0.31	94.415	185133	4	64.47062	6	0
0.517	0.321	7	-10.25	1	0.0389	0.891	0	0.304	0.575	75.28	113253	4	43.27474	5	0
0.541	0.718	0	-5.546	1	0.0308	0.226	0	0.164	0.942	138.293	160653	4	18.52373	8	0
0.583	0.484	4	-11.896	0	0.094	0.777	1.76e-06	0.142	0.375	154.389	203973	4	31.29124	9	0
0.507	0.302	11	-16.578	0	0.0403	0.696	0.209	0.647	0.214	89.526	245467	4	84.8081	9	0
0.595	0.717	2	-8.908	1	0.0334	0.708	0.00302	0.28	0.787	118.629	171040	4	53.65937	8	0
0.438	0.407	7	-13.951	0	0.0335	0.703	0.671	0.327	0.63	122.734	153160	4	40.01866	8	0
0.305	0.903	5	-4.433	1	0.0655	0.0392	2.52e-05	0.292	0.678	82.495	245640	4	52.78112	7	0
0.775	0.605	0	-12.323	1	0.243	0.412	0.000454	0.426	0.723	133.721	130413	4	32.1848	6	0
0.611	0.945	7	-9.11	1	0.0639	0.741	0.837	0.0753	0.22	110.857	147227	4	18.11643	5	0
0.252	0.761	0	-22.074	1	0.722	0.737	0.391	0.148	0.0283	148.149	384973	4	30.01937	20	0
0.651	0.208	0	-18.127	0	0.192	0.829	0	0.106	0.595	112.71	133480	4	28.2606	6	0
0.5	0.396	3	-12.618	1	0.0295	0.966	0.958	0.115	0.835	81.249	143760	4	49.85774	7	0
0.63	0.372	0	-11.758	1	0.0343	0.109	0.771	0.154	0.315	117.002	386600	4	52.11245	14	0
0.6	0.568	0	-13.226	1	0.037	0.228	0.241	0.293	0.784	111.676	241077	4	20.38485	11	0
0.585	0.481	9	-6.69	1	0.033	0.569	0	0.171	0.795	119.505	153640	4	38.03057	7	0
0.728	0.449	5	-10.825	1	0.0421	0.148	0	0.285	0.88	118.309	119907	4	56.86679	6	0
0.514	0.392	5	-10.231	0	0.032	0.791	0	0.116	0.466	100.921	460893	3	40.12324	19	0
0.539	0.538	2	-14.53	1	0.0301	0.487	0.000233	0.128	0.914	134.468	165173	3	52.04881	7	0
0.641	0.162	2	-22.96	1	0.0465	0.834	0.848	0.117	0.57	118.198	134027	3	21.31094	9	0
0.315	0.397	2	-10.809	0	0.0296	0.354	0.0892	0.0966	0.374	147.063	258533	4	34.27359	14	0
0.655	0.823	5	-3.913	1	0.0418	0.754	9.95e-05	0.125	0.971	91.346	182800	4	34.39872	8	0
0.117	0.315	8	-12.343	1	0.0333	0.878	0.812	0.318	0.131	85.807	192080	4	20.03804	11	0
0.484	0.692	9	-5.16	1	0.0306	0.0406	0.000402	0.435	0.63	130.598	186987	4	37.90089	12	0
0.495	0.289	5	-16.099	1	0.12	0.973	0.867	0.124	0.456	189.153	142667	3	28.72299	8	0
0.69	0.595	5	-11.165	1	0.0657	0.396	0	0.0552	0.931	130.46	133053	4	32.92687	8	0
0.518	0.412	7	-11.028	1	0.0288	0.585	0	0.0989	0.563	129.004	182373	4	26.97393	10	0
0.39	0.316	7	-11.365	1	0.0308	0.344	3.18e-05	0.0886	0.479	103.05	182373	4	49.54238	9	0
0.465	0.712	0	-6.829	1	0.053	0.204	6.11e-05	0.188	0.551	126.135	160480	3	28.19037	9	0
0.326	0.425	0	-14.544	1	0.0301	0.0345	6.51e-06	0.914	0.564	106.852	204600	4	28.37731	10	0
0.664	0.414	5	-10.379	1	0.0304	0.515	0.000982	0.121	0.675	74.056	363667	4	26.4798	20	0
0.633	0.402	4	-8.677	0	0.0295	0.564	2.7e-06	0.382	0.788	113.142	156067	4	60.36347	6	0
0.234	0.453	9	-12.249	1	0.0462	0.216	0.587	0.17	0.765	200.074	309907	4	41.69903	11	0
0.553	0.543	9	-10.114	1	0.038	0.125	0.193	0.0902	0.887	79.368	155690	4	44.48067	7	0
0.559	0.368	9	-11.978	1	0.0263	0.343	0.9	0.0667	0.665	95.821	150160	3	44.26087	8	0
0.559	0.572	7	-8.503	1	0.0259	0.374	0.324	0.176	0.537	140.925	165680	4	41.7223	9	0
0.784	0.491	8	-11.722	1	0.07	0.237	0.0166	0.0881	0.673	101.456	141587	4	55.91214	5	0
0.266	0.365	11	-18.451	0	0.0376	0.0502	0.195	0.765	0.362	100.631	163893	1	30.23375	6	0
0.408	0.548	0	-12.71	0	0.0792	0.71	0.0345	0.609	0.825	105.812	165904	4	69.64128	7	0
0.32	0.76	0	-4.447	1	0.0384	0.0979	1.02e-05	0.171	0.502	134.099	154480	4	43.19766	9	0
0.549	0.595	9	-6.666	0	0.0328	0.168	0	0.0443	0.665	126.116	159827	4	39.39309	9	0
0.624	0.387	9	-9.578	1	0.0388	0.0545	2.08e-05	0.19	0.585	129.462	155893	4	24.23955	9	0
0.339	0.584	6	-9.577	0	0.0464	0.0186	0.31	0.0654	0.402	149.29	233720	4	40.4011	9	0
0.472	0.136	5	-14.374	0	0.0341	0.947	0.141	0.0989	0.331	55.35	68813	4	28.33131	3	0
0.294	0.773	2	-8.226	1	0.0382	0.114	0.412	0.0674	0.681	179.098	254067	4	51.10238	9	0
0.524	0.455	6	-10.317	1	0.0308	0.679	0.000611	0.126	0.629	126.375	156267	4	50.48389	7	0
0.778	0.218	1	-15.381	1	0.151	0.925	0.642	0.16	0.177	119.044	192200	4	28.67583	11	0
0.659	0.635	10	-10.569	0	0.202	0.603	0.0214	0.172	0.413	144.965	177867	4	35.88697	8	0
0.557	0.514	4	-14.88	0	0.0312	0.192	5.5e-06	0.236	0.886	76.502	142276	4	40.2523	9	0
0.281	0.0475	10	-33.467	1	0.0845	0.96	0.027	0.79	0.232	121.153	325787	4	51.02291	13	0
0.252	0.461	7	-11.178	1	0.0406	0.232	0.0196	0.257	0.411	177.252	599507	3	28.82399	26	0
0.62	0.768	5	-7.385	1	0.04	0.617	0	0.352	0.809	111.135	98440	4	47.60025	5	0
0.508	0.501	6	-11.57	1	0.0411	0.515	0.927	0.0431	0.698	84.684	189040	4	30.14115	9	0
0.215	0.655	2	-7.731	1	0.0413	0.497	0	0.112	0.561	139.734	170480	4	25.80832	9	0
0.321	0.654	2	-12.564	0	0.0465	0.0592	0.0322	0.112	0.692	161.094	528560	4	25.39445	17	0
0.698	0.374	2	-15.736	1	0.235	0.472	0	0.264	0.908	108.829	181160	4	20.67239	10	0
0.5	0.128	8	-14.137	1	0.058	0.914	0	0.182	0.429	75.822	193947	4	15.2235	10	0
0.25	0.72	2	-6.671	0	0.0414	0.339	0	0.188	0.644	154.554	123760	4	55.99264	5	0
0.317	0.148	10	-18.553	1	0.0318	0.907	0.00138	0.102	0.388	177.468	226333	3	30.35592	12	0
0.726	0.45	0	-12.577	1	0.0388	0.427	0.0598	0.136	0.908	104.782	185200	4	52.62723	8	0
0.193	0.72	2	-5.408	0	0.041	0.0229	0.302	0.328	0.398	165.002	322840	4	93.46619	10	0
0.414	0.774	7	-5.949	1	0.0334	0.00909	0.00993	0.0913	0.615	67.769	131360	4	64.00718	6	0
0.238	0.26	8	-14.284	1	0.0442	0.927	0.932	0.0954	0.104	137.426	43587	3	26.86823	3	0
0.135	0.194	2	-15.412	1	0.0308	0.654	0.518	0.112	0.149	188.908	237467	4	51.31508	9	0
0.746	0.562	11	-14.605	1	0.309	0.712	0	0.123	0.572	145.169	123855	4	69.04787	5	0
0.534	0.0629	6	-23.59	0	0.032	0.745	0.754	0.109	0.177	106.799	222733	4	34.07425	13	0
0.388	0.874	4	-6.5	1	0.063	0.327	5.24e-05	0.148	0.894	166.074	135120	4	14.24619	11	0
0.698	0.549	0	-15.156	1	0.0421	0.0272	0.598	0.111	0.851	136.279	163667	4	56.20233	8	0
0.221	0.279	0	-11.735	1	0.0323	0.644	0.00988	0.424	0.163	79.17	242800	3	39.98219	11	0
0.412	0.756	0	-12.182	0	0.128	0.00879	0.156	0.0761	0.622	82.355	163307	4	68.8344	7	0
0.633	0.749	9	-5.183	1	0.0308	0.172	1.05e-05	0.0812	0.756	90.066	199040	4	33.28106	9	0
0.358	0.445	1	-6.753	1	0.0299	0.0242	7.85e-06	0.0656	0.54	74.673	191147	4	33.61385	10	0
0.38	0.566	0	-6.628	1	0.0298	0.248	0.0251	0.124	0.531	90.344	188813	4	25.25071	8	0
0.453	0.173	5	-17.204	1	0.0283	0.583	0.689	0.0953	0.179	82.357	230574	4	48.10484	11	0
0.855	0.339	9	-10.564	1	0.081	0.319	0.675	0.0949	0.974	121.815	167240	4	42.19179	10	0
0.417	0.22	7	-17.53	1	0.0334	0.724	0.0459	0.089	0.374	121.697	460373	3	20.38263	25	0
0.582	0.526	9	-8.849	0	0.0256	0.14	0	0.138	0.815	89.538	112907	4	26.43097	7	0
0.268	0.657	2	-10.149	1	0.0456	0.119	0.0707	0.137	0.546	118.077	1259938	4	22.83476	50	0
0.287	0.455	0	-10.592	1	0.0331	0.711	0	0.135	0.539	175.652	148840	3	25.19574	8	0
0.458	0.502	7	-11.48	1	0.0317	0.0113	0.00933	0.235	0.442	148.543	406080	3	31.23641	17	0
0.396	0.0378	0	-14.797	0	0.0383	0.748	0	0.197	0.221	144.469	162907	3	43.40197	10	0
0.42	0.453	0	-10.356	1	0.0351	0.512	4.57e-05	0.103	0.654	176.178	185600	4	38.41637	9	0
0.445	0.2	7	-15.575	1	0.0389	0.869	0.00124	0.0828	0.343	205.393	135600	4	22.44009	10	0
0.41	0.231	0	-13.682	1	0.0341	0.86	0	0.104	0.539	119.436	133400	4	57.49425	6	0
0.214	0.14	6	-18.269	1	0.0328	0.957	3.47e-05	0.185	0.14	128.418	160000	3	20.94558	11	0
0.373	0.156	10	-14.481	1	0.0278	0.952	0.00694	0.108	0.263	80.547	158387	4	28.21974	9	0
0.402	0.424	7	-7.469	0	0.0272	0.702	3.09e-06	0.122	0.614	86.873	104181	4	61.98941	4	0
0.443	0.688	2	-10.279	1	0.0295	0.224	0.000393	0.37	0.914	101.645	192933	4	81.3462	8	0
0.365	0.444	5	-9.765	0	0.114	0.853	0	0.266	0.136	151.683	121213	4	77.14571	4	0
0.593	0.492	4	-7.783	0	0.0316	0.769	1.68e-06	0.21	0.815	139.546	135987	4	41.93651	7	0
0.746	0.802	4	-4.011	0	0.0331	0.372	0.0104	0.0536	0.975	127.437	161976	4	46.91976	8	0
0.54	0.888	9	-4.135	0	0.0764	0.35	0	0.357	0.721	129.435	156733	4	28.75586	7	0
0.0781	0.0425	10	-25.432	1	0.041	0.969	0.98	0.0918	0.0495	75.997	167267	3	36.57564	9	0
0.703	0.648	3	-10.416	1	0.0402	0.705	0	0.0807	0.723	119.307	155493	4	62.55807	7	0
0.541	0.181	9	-23.823	0	0.0623	0.442	0.912	0.119	0.178	103.557	256293	4	35.90003	11	0
0.553	0.381	9	-10.925	1	0.0275	0.379	1.88e-06	0.137	0.246	115.175	118227	4	21.36817	9	0
0.453	0.669	5	-8.424	0	0.0419	0.734	0.869	0.543	0.948	116.227	106760	4	23.02997	7	0
0.633	0.708	7	-10.526	0	0.0316	0.772	7.41e-05	0.261	0.86	104.245	116133	4	63.93987	5	0
0.684	0.517	10	-12.065	1	0.0326	0.478	0.00137	0.0756	0.828	123.697	103173	4	50.84031	5	0
0.381	0.557	2	-4.269	1	0.0301	0.362	0.0267	0.182	0.233	100.883	136067	3	47.3804	6	0
0.49	0.606	2	-10.883	1	0.113	0.095	5.4e-06	0.301	0.315	72.162	250567	4	84.84922	10	0
0.758	0.509	9	-15.534	1	0.115	0.124	0.000125	0.278	0.58	127.212	213400	4	22.18363	13	0
0.534	0.493	11	-9.86	1	0.0894	0.607	7.84e-05	0.104	0.737	158.183	180800	4	29.83952	9	0
0.417	0.818	7	-8.239	0	0.0827	0.644	0	0.478	0.863	166.331	119934	4	44.56238	6	0
0.653	0.386	5	-15.881	1	0.0427	0.93	0.903	0.107	0.712	76.505	221053	4	26.35782	13	0
0.528	0.881	9	-6.381	1	0.0493	0.432	1.11e-06	0.173	0.749	97.129	132587	3	63.54678	6	0
0.411	0.368	0	-11.407	1	0.055	0.148	0.389	0.0737	0.0328	78.939	377853	3	36.36266	13	0
0.604	0.284	7	-14.952	1	0.0335	0.186	1.37e-06	0.0875	0.291	109.257	134040	4	83.96287	5	0
0.692	0.268	7	-16.888	1	0.0371	0.827	0.000557	0.0973	0.853	99.01	115267	4	34.65276	7	0
0.498	0.411	6	-12.221	1	0.0512	0.697	0.00228	0.0832	0.514	108.583	139387	3	59.46151	7	0
0.512	0.42	3	-12.138	1	0.0492	0.849	0	0.614	0.892	146.153	99507	4	38.61569	5	0
0.523	0.655	7	-13.698	1	0.0443	0.351	0.752	0.108	0.727	99.376	134333	4	25.99218	7	0
0.433	0.433	2	-10.836	1	0.0337	0.95	0.488	0.188	0.579	126.5	119480	4	56.32406	6	0
0.471	0.474	9	-11.237	1	0.0394	0.923	0.836	0.502	0.385	107.51	193593	4	29.4834	9	0
0.406	0.761	8	-8.53	1	0.0916	0.54	4.21e-05	0.418	0.515	157.901	195253	4	39.5513	9	0
0.795	0.28	2	-8.779	1	0.0751	0.754	2.61e-06	0.141	0.821	130.817	131472	4	24.02102	6	0
0.498	0.84	11	-6.436	0	0.0417	0.52	0.00191	0.212	0.583	101.559	152067	4	57.48904	6	0
0.553	0.93	11	-8.118	0	0.146	0.0377	0.548	0.0517	0.241	128.364	152600	4	27.47259	5	0
0.602	0.701	4	-10.714	0	0.0451	0.312	0.00992	0.148	0.72	75.449	177613	4	25.81344	9	0
0.562	0.196	1	-18.665	0	0.0308	0.846	0.000109	0.238	0.39	102.122	139765	4	46.9536	7	0
0.46	0.282	9	-13.64	0	0.0948	0.218	0.000276	0.0622	0.217	132.084	327867	3	37.58739	15	0
0.762	0.409	1	-14.058	1	0.625	0.423	0	0.108	0.699	108.509	72773	3	23.09179	4	0
0.473	0.516	10	-11.832	1	0.0318	0.643	0.0149	0.135	0.801	120.323	155904	4	47.21952	8	0
0.492	0.172	10	-17.311	0	0.11	0.687	0.000107	0.0969	0.454	80.36	617240	3	60.90337	28	0
0.564	0.612	0	-8.309	1	0.0453	0.307	0	0.166	0.784	137.822	139800	4	82.99824	5	0
0.748	0.501	0	-9.475	0	0.0562	0.177	0.0327	0.149	0.954	130.262	165744	4	42.4536	9	0
0.474	0.465	1	-10.053	1	0.0841	0.883	1.46e-05	0.342	0.825	201.755	131373	4	36.9499	7	0
0.481	0.447	0	-9.412	1	0.0285	0.31	0	0.577	0.445	91.476	152813	4	34.34686	8	0
0.354	0.0111	9	-31.115	1	0.0384	0.971	0.0029	0.119	0.113	118.542	162000	4	35.33606	9	0
0.538	0.497	6	-12.077	1	0.0319	0.631	0.000327	0.287	0.707	102.412	158920	4	77.10004	6	0
0.562	0.323	5	-12.966	1	0.0328	0.304	0.00381	0.0855	0.457	106.343	196307	4	45.75159	8	0
0.742	0.586	7	-10.705	1	0.0456	0.459	0	0.292	0.883	110.209	143267	4	44.20871	6	0
0.815	0.292	9	-13.924	0	0.0434	0.792	0.868	0.107	0.751	113.003	165267	4	40.73307	8	0
0.52	0.62	0	-8.172	1	0.0301	0.0336	0	0.0966	0.446	138.858	124600	4	23.05774	9	0
0.537	0.241	5	-15.617	1	0.0494	0.825	0.875	0.0961	0.103	138.228	223200	3	101.29203	10	0
0.454	0.64	6	-10.3	0	0.0312	0.665	2.97e-06	0.17	0.598	106.952	232973	4	121.47417	8	0
0.641	0.162	2	-22.96	1	0.0465	0.834	0.848	0.117	0.57	118.198	134027	3	21.31094	9	0
0.453	0.442	2	-15.238	1	0.0399	0.361	0.889	0.0743	0.835	206.649	84947	4	34.87016	5	0
0.605	0.852	2	-6.852	1	0.0318	0.331	0	0.0759	0.893	129.189	114547	4	27.09634	7	0
0.517	0.509	0	-10.655	1	0.0284	0.69	0.00371	0.272	0.63	109.665	125533	4	25.2394	7	0
0.504	0.56	0	-11.687	0	0.0473	0.894	0.922	0.103	0.41	123.202	183413	4	17.44545	6	0
0.528	0.605	7	-4.237	1	0.0276	0.0731	6.79e-06	0.314	0.56	99.393	121933	4	18.2722	7	0
0.476	0.74	0	-7.518	1	0.0399	0.272	4.92e-05	0.155	0.645	137.413	245853	4	48.74833	12	0
0.405	0.122	0	-17.233	1	0.0385	0.889	0.000137	0.12	0.199	81.352	236840	4	22.13832	10	0
0.194	0.247	4	-12.52	0	0.0313	0.446	0.000575	0.0891	0.204	84.637	243547	3	34.91882	12	0
0.566	0.156	2	-17.449	1	0.0517	0.873	0.000253	0.213	0.273	75.474	169920	4	25.44573	9	0
0.628	0.405	1	-10.39	1	0.0282	0.802	0.000195	0.131	0.663	94.463	142933	4	28.52558	10	0
0.455	0.152	7	-20.144	1	0.115	0.018	0.193	0.232	0.176	135.204	418813	4	27.33704	17	0
0.569	0.391	7	-12.247	1	0.0323	0.123	0.0249	0.337	0.678	120.334	182800	4	35.95106	8	0
0.73	0.278	1	-16.573	1	0.0392	0.715	0.911	0.284	0.36	106.835	167133	4	48.71277	8	0
0.531	0.78	7	-6.707	1	0.0305	0.196	1.12e-05	0.0825	0.485	123.303	175320	4	76.60585	7	0
0.189	0.117	10	-14.758	1	0.0352	0.952	0.000272	0.352	0.153	79.604	266072	3	61.67837	12	0
0.606	0.421	0	-14.657	1	0.0401	0.349	0	0.284	0.717	126.609	211480	4	23.40745	11	0
0.525	0.47	9	-13.052	1	0.0365	0.136	3.33e-06	0.146	0.872	134.422	135480	4	49.85768	7	0
0.296	0.247	5	-18.04	1	0.0434	0.902	0.866	0.412	0.0383	66.256	60640	3	43.5204	3	0
0.689	0.425	2	-10.222	1	0.0832	0.315	0	0.412	0.685	106.534	310733	4	24.60653	15	0
0.28	0.703	7	-8.669	1	0.0431	0.507	0.0593	0.277	0.474	115.305	1254896	4	20.94435	50	0
0.62	0.746	2	-5.891	1	0.0311	0.415	0	0.069	0.929	128.157	126787	4	37.00858	6	0
0.57	0.103	8	-20.66	1	0.0428	0.819	0	0.0759	0.362	88.524	199013	4	29.24414	10	0
0.746	0.636	10	-9.703	1	0.23	0.778	0.88	0.0904	0.93	81.179	171253	4	35.6624	9	0
0.618	0.836	7	-12.774	1	0.0482	0.458	0.817	0.0894	0.734	123.722	237467	4	36.13419	13	0
0.562	0.597	2	-8.277	1	0.0316	0.243	0	0.0786	0.883	127.75	130320	4	37.13478	6	0
0.0926	0.235	7	-14.255	1	0.0326	0.962	0.898	0.531	0.0378	171.987	61227	4	34.27988	4	0
0.697	0.678	8	-8.673	1	0.0501	0.252	2.33e-05	0.392	0.798	133.583	124093	4	23.36211	8	0
0.368	0.68	9	-7.782	1	0.0306	0.552	0.015	0.155	0.543	146.685	239560	4	57.56641	9	0
0.464	0.496	2	-10.773	0	0.0315	0.226	0.00139	0.0766	0.488	121.774	222467	4	46.23511	11	0
0.396	0.488	2	-14.404	1	0.0315	0.0165	0.711	0.0484	0.694	107.176	164080	4	72.886	6	0
0.716	0.345	0	-10.617	1	0.0449	0.869	3.37e-06	0.0874	0.654	97.988	128027	4	52.94217	4	0
0.302	0.00549	11	-41.53	0	0.0308	0.435	0.000969	0.258	0.0692	82.26	129589	5	19.37726	8	0
0.528	0.197	10	-20.515	1	0.115	0.773	0	0.0915	0.895	103.699	216766	4	19.58521	10	0
0.817	0.352	2	-14.334	1	0.0276	0.459	0.000145	0.0929	0.266	106.748	277840	4	27.76286	13	0
0.432	0.654	0	-6.902	1	0.0397	0.0164	0.000118	0.0876	0.689	108.47	226693	4	75.44128	8	0
0.673	0.556	7	-7.931	1	0.0945	0.668	0	0.103	0.685	129.365	171000	4	29.7929	9	0
0.169	0.183	8	-14.836	1	0.0409	0.98	0.71	0.108	0.0601	62.89	265667	3	41.27687	10	0
0.386	0.491	11	-11.679	0	0.0274	0.0109	0	0.113	0.592	99.672	167800	4	36.42272	8	0
0.183	0.404	6	-13.928	1	0.0381	0.703	0.0227	0.177	0.239	181.491	308747	3	60.35224	12	0
0.472	0.679	2	-5.297	1	0.038	0.0211	4.84e-05	0.288	0.625	133.061	137960	4	45.96858	7	0
0.351	0.593	2	-10.765	1	0.0479	0.454	0.00364	0.149	0.749	126.414	369533	4	44.89187	15	0
0.545	0.296	2	-10.561	0	0.0414	0.377	0.0374	0.212	0.433	134.161	365653	4	38.35073	19	0
0.498	0.84	11	-6.436	0	0.0417	0.52	0.00191	0.212	0.583	101.559	152067	4	57.48904	6	0
0.369	0.591	8	-7.684	1	0.0411	0.715	0	0.317	0.55	76.185	153080	4	44.52464	7	0
0.403	0.699	5	-7.072	1	0.0303	0.108	1.44e-06	0.316	0.684	93.77	123027	3	21.81286	7	0
0.316	0.756	8	-6.315	1	0.1	0.294	0.429	0.351	0.332	165.963	221827	4	74.05703	6	0
0.278	0.324	9	-11.109	0	0.0273	0.144	0.855	0.122	0.506	182.444	230435	3	30.93313	13	0
0.316	0.112	8	-15.533	1	0.0269	0.94	0	0.132	0.198	76.854	129813	4	44.02331	6	0
0.579	0.591	1	-12.205	1	0.0398	0.401	0.00494	0.239	0.937	97.631	283133	4	46.38852	12	0
0.517	0.284	0	-16.566	1	0.0361	0.102	8.66e-06	0.0719	0.689	104.824	189143	4	14.42875	12	0
0.555	0.467	9	-13.608	1	0.0268	0.396	0.441	0.137	0.521	98.355	216440	4	44.08496	9	0
0.502	0.354	7	-21.018	1	0.0733	0.867	0.46	0.385	0.664	107.749	269188	4	62.54469	9	0
0.437	0.431	0	-16.422	1	0.0347	0.844	0.879	0.323	0.886	129.357	153933	4	19.25824	11	0
0.449	0.287	5	-11.359	1	0.0324	0.843	0.825	0.144	0.122	194.64	235387	3	83.52464	12	0
0.337	0.679	2	-5.908	1	0.0284	0.279	1.8e-06	0.0897	0.755	98.552	164533	4	37.73709	9	0
0.299	0.198	0	-14.494	1	0.0353	0.982	4.99e-06	0.301	0.225	76.701	167509	4	47.21544	9	0
0.197	0.623	8	-9.923	0	0.0332	0.00154	0.609	0.0839	0.575	144.564	312253	4	93.21507	12	0
0.72	0.576	2	-15.118	1	0.029	0.271	0	0.256	0.947	111.592	171733	4	42.92119	10	0
0.377	0.937	1	-4.889	1	0.0806	0.00175	0.168	0.278	0.428	135.601	158547	4	32.68792	8	0
0.29	0.38	0	-9.158	1	0.0482	0.53	0.512	0.119	0.32	192.195	214667	3	56.5361	9	0
0.462	0.664	0	-6.886	1	0.0401	0.0142	0.000315	0.0876	0.677	108.393	224693	4	75.72291	8	0
0.414	0.675	3	-9.334	1	0.042	0.541	0	0.0785	0.733	125.723	162400	4	24.64041	9	0
0.543	0.375	9	-9.076	1	0.0298	0.56	0	0.18	0.305	143.053	199627	3	24.36106	9	0
0.407	0.168	0	-13.508	1	0.0258	0.954	8.95e-06	0.173	0.242	72.471	146680	3	21.78096	8	0
0.408	0.9	9	-6.48	0	0.178	0.0834	5.78e-05	0.197	0.558	123.256	178787	4	56.76935	9	0
0.687	0.46	3	-11.091	1	0.042	0.713	0	0.304	0.616	105.199	157800	4	56.16654	8	0
0.577	0.742	7	-7.451	1	0.044	0.439	1.27e-06	0.133	0.668	122.752	180920	4	35.33612	9	0
0.746	0.578	7	-13.858	1	0.0525	0.708	0.225	0.126	0.882	98.069	118267	4	28.92716	6	0
0.387	0.142	9	-17.995	0	0.0678	0.621	2.18e-06	0.372	0.15	81.216	214560	5	56.01675	11	0
0.549	0.336	4	-13.008	1	0.119	0.587	0	0.291	0.594	129.239	119293	3	27.28718	6	0
0.614	0.537	4	-13.168	0	0.0338	0.102	0	0.196	0.896	125.547	131533	4	25.76426	8	0
0.628	0.425	5	-12.345	0	0.0512	0.792	3.12e-05	0.0816	0.551	104.185	157173	4	38.69459	7	0
0.424	0.677	11	-11.968	0	0.0319	0.722	0.763	0.139	0.876	88.794	316707	4	20.84991	12	0
0.415	0.679	0	-6.7	1	0.0299	0.678	0.08	0.155	0.523	104.042	165800	4	45.15752	9	0
0.393	0.332	9	-9.932	1	0.0308	0.682	1.38e-06	0.302	0.31	95.817	73867	4	26.81577	5	0
0.513	0.149	5	-15.597	1	0.0327	0.96	0.0572	0.116	0.388	83.962	164800	4	31.43233	8	0
0.595	0.625	1	-5.295	1	0.0341	0.215	0	0.268	0.522	162.933	153093	4	24.41382	10	0
0.334	0.21	3	-25.341	1	0.0423	0.893	0.577	0.125	0.0538	98.566	595653	4	34.13939	30	0
0.353	0.154	0	-21.4	1	0.0399	0.716	0.00116	0.117	0.139	97.52	231427	4	52.83418	12	0
0.306	0.861	2	-4.834	1	0.0939	0.0246	0.0516	0.267	0.614	122.885	159053	4	59.57211	8	0
0.508	0.571	4	-8.274	0	0.0253	0.238	0	0.376	0.537	90.928	121933	3	23.17271	6	0
0.534	0.0872	7	-18.742	1	0.0302	0.789	0	0.108	0.314	79.845	132680	4	20.28198	9	0
0.441	0.883	9	-7.152	1	0.0573	0.121	0.847	0.0903	0.962	177.993	203493	4	98.04108	5	0
0.285	0.241	0	-14.096	1	0.0302	0.729	0.000165	0.393	0.491	173.143	232600	4	34.88318	12	0
0.617	0.554	2	-12.17	1	0.0416	0.0965	0.0231	0.171	0.712	126.454	133827	4	21.76091	9	0
0.838	0.344	2	-13.181	0	0.033	0.81	0.572	0.275	0.447	128.184	152693	4	45.13705	7	0
0.353	0.459	0	-9.921	1	0.0325	0.629	0	0.103	0.636	202.454	183573	4	23.36265	9	0
0.561	0.457	4	-13.998	1	0.0391	0.118	0	0.16	0.39	91.992	138027	4	51.30901	6	0
0.564	0.247	1	-13.218	1	0.0343	0.882	0.000569	0.114	0.449	116.749	124699	4	21.44853	9	0
0.365	0.386	7	-15.135	1	0.058	0.0568	0.00293	0.169	0.391	99.289	164893	4	64.90303	6	0
0.429	0.14	2	-15.097	1	0.0415	0.839	0.00048	0.0582	0.214	127.039	125240	4	38.21483	6	0
0.49	0.65	4	-11.598	0	0.0481	0.206	4.63e-05	0.0649	0.696	145.054	145253	4	50.73157	7	0
0.276	0.438	7	-11.495	1	0.0307	0.624	2.55e-05	0.114	0.35	139.866	188213	4	103.80636	6	0
0.531	0.713	4	-5.876	1	0.0319	2.53e-05	2.95e-06	0.344	0.833	126.27	175707	4	22.15874	11	0
0.515	0.534	6	-8.045	1	0.0768	0.181	0.00278	0.0547	0.426	70.776	145747	4	50.26321	8	0
0.253	0.588	6	-7.541	1	0.047	0.394	0.00588	0.105	0.687	135.496	139363	4	33.18722	8	0
0.376	0.996	9	-7.497	1	0.0787	0.194	0.849	0.242	0.488	164.491	145000	4	23.21211	8	0
0.479	0.18	4	-18.015	1	0.031	0.903	0.000182	0.089	0.525	143.846	196693	4	23.28997	11	0
0.108	0.37	0	-12.524	1	0.0354	0.862	0.852	0.102	0.0795	85.669	168627	3	42.20173	7	0
0.407	0.725	4	-10.686	0	0.0489	0.431	0.749	0.181	0.49	97.186	384280	4	68.70588	15	0
0.512	0.348	9	-10.193	0	0.0326	0.368	0	0.299	0.681	58.238	152227	4	61.71056	5	0
0.545	0.295	4	-16.172	0	0.0317	0.546	0.0425	0.0603	0.678	130.966	255667	3	53.56826	12	0
0.504	0.594	1	-9.263	0	0.0983	0.0102	0.244	0.0365	0.774	84.698	269547	4	27.06844	11	0
0.548	0.181	0	-12.968	0	0.0362	0.852	0	0.319	0.532	119.755	165933	4	24.98739	10	0
0.605	0.542	10	-8.462	1	0.0316	0.412	0	0.217	0.774	121.145	177360	4	41.93443	9	0
0.721	0.726	4	-10.097	1	0.0361	0.551	5.6e-05	0.346	0.945	131.573	145511	4	23.66348	7	0
0.199	0.282	5	-13.698	1	0.0346	0.649	0.673	0.149	0.182	89.895	174707	4	36.10198	8	0
0.599	0.796	7	-7.835	1	0.0318	0.773	0.376	0.0594	0.885	105.389	167680	4	18.70896	8	0
0.292	0.394	0	-11.067	1	0.0364	0.8	0.927	0.156	0.403	128.276	152067	4	54.19463	7	0
0.47	0.743	9	-12.335	1	0.167	0.0126	0.01	0.197	0.186	122.313	158560	4	31.40861	9	0
0.516	0.837	4	-7.152	0	0.0472	0.00957	0.0585	0.122	0.926	99.028	125760	4	46.05311	6	0
0.461	0.714	11	-9.159	0	0.313	0.504	0.0171	0.684	0.454	94.372	168920	4	43.95577	7	0
0.361	0.577	10	-6.946	1	0.0304	0.414	8.95e-06	0.232	0.319	108.269	202547	4	21.08568	10	0
0.6	0.0425	9	-25.864	0	0.0391	0.981	0.928	0.111	0.36	93.192	210220	4	49.31642	9	0
0.582	0.598	9	-11.549	0	0.0789	0.0545	0	0.0694	0.878	162.805	221693	4	22.71152	14	0
0.666	0.806	4	-7.983	1	0.056	0.24	3.2e-05	0.0762	0.591	101.356	257067	4	32.1789	14	0
0.562	0.763	5	-6.629	1	0.0495	0.843	0.00113	0.0846	0.96	129.79	130013	4	46.27861	7	0
0.408	0.225	4	-15.074	1	0.0384	0.793	0.000522	0.209	0.384	186.661	185573	3	35.89647	8	0
0.674	0.632	0	-14.035	1	0.0585	0.273	0.712	0.137	0.963	92.827	157093	4	53.0268	8	0
0.645	0.537	2	-7.519	1	0.0431	0.0338	0	0.0597	0.623	119.241	141667	4	22.53207	9	0
0.839	0.233	3	-13.539	1	0.0414	0.745	0.746	0.105	0.778	125.597	194293	4	26.41274	10	0
0.307	0.664	2	-9.163	1	0.0775	0.16	0.169	0.129	0.33	105.085	489987	4	57.24053	20	0
0.172	0.15	8	-12.214	1	0.0349	0.934	0.0154	0.0978	0.0978	85.439	210723	3	52.47244	10	0
0.32	0.0453	2	-12.919	0	0.0418	0.979	0.784	0.136	0.158	124.734	58707	3	28.58677	3	0
0.403	0.542	0	-11.33	0	0.0294	0.747	0.487	0.118	0.695	107.761	155933	4	41.95942	8	0
0.534	0.446	10	-9.93	0	0.0339	0.898	0.244	0.262	0.707	115.375	145453	4	25.04739	7	0
0.293	0.0336	5	-29.461	1	0.0378	0.749	0.97	0.0878	0.116	62.384	193133	4	27.42474	12	0
0.715	0.205	0	-17.551	1	0.0281	0.879	0.228	0.138	0.679	97.274	163267	4	47.60456	6	0
0.228	0.512	1	-10.756	0	0.0371	0.0113	4.85e-05	0.629	0.485	73.359	251693	4	32.51857	8	0
0.184	0.0446	0	-18.048	0	0.0382	0.948	0.846	0.109	0.0542	60.418	144000	4	72.88783	6	0
0.471	0.373	5	-10.218	1	0.0395	0.964	0.983	0.353	0.491	120.874	33000	4	23.23469	3	0
0.55	0.274	2	-13.07	1	0.027	0.662	0.0139	0.0622	0.686	105.455	87803	3	77.85116	3	0
0.573	0.365	0	-8.161	1	0.038	0.812	5.46e-05	0.106	0.686	141.516	173093	3	54.86634	9	0
0.193	0.137	11	-14.577	0	0.0468	0.954	0.748	0.124	0.0396	119.547	180173	4	41.26125	9	0
0.533	0.617	7	-8.479	1	0.0461	0.736	0.602	0.14	0.516	91.9	146653	4	53.61122	7	0
0.52	0.782	0	-5.769	1	0.0282	0.179	1.7e-05	0.0629	0.963	149.438	100173	4	33.23799	5	0
0.373	0.253	5	-10.44	1	0.0329	0.973	0.000555	0.0851	0.137	135.126	281773	4	37.84934	11	0
0.695	0.691	4	-7.749	1	0.0403	0.476	2.33e-06	0.134	0.812	104.746	128634	4	51.94201	6	0
0.343	0.545	1	-12.581	1	0.0566	0.399	2.95e-05	0.27	0.561	147.31	198333	4	33.14334	11	0
0.268	0.62	10	-14.559	1	0.0468	0.000521	0.956	0.0843	0.693	75.949	131676	4	73.93226	6	0
0.556	0.39	3	-12.917	1	0.0306	0.0748	0.84	0.14	0.891	116.706	175040	4	26.68607	9	0
0.312	0.19	3	-16.063	1	0.0371	0.301	0.000739	0.351	0.249	111.441	233333	4	44.43855	12	0
0.377	0.469	9	-11.575	0	0.0359	0.698	0.76	0.148	0.882	170.707	332720	4	39.16209	15	0
0.488	0.295	9	-14.619	0	0.102	0.698	1.01e-05	0.326	0.746	176.556	119000	4	45.80479	6	0
0.509	0.523	9	-9.639	1	0.0342	0.809	0.0238	0.295	0.733	141.809	122853	4	26.09558	8	0
0.528	0.521	7	-11.314	1	0.0471	0.143	0.00221	0.0984	0.815	125.829	121133	4	26.78019	8	0
