0.292	0.731	9	-7.889	1	0.0281	0.447	0.0024	0.271	0.477	158.349	129213	4	38.61338	7	0
0.59	0.482	0	-13.073	0	0.0293	0.779	0.817	0.134	0.567	125.035	223827	4	21.45386	10	0
0.644	0.826	3	-5.885	0	0.0427	0.368	2.64e-06	0.0375	0.766	96.994	184373	4	40.93228	7	0
0.66	0.234	7	-14.197	1	0.0328	0.861	0.000279	0.135	0.427	129.278	204243	3	43.5074	12	0
0.42	0.225	7	-13.211	1	0.0275	0.37	0.888	0.0844	0.0294	91.813	259227	4	25.04976	19	0
0.31	0.931	7	-4.658	1	0.143	2.25e-06	0.000244	0.218	0.371	139.796	137400	3	84.99881	4	0
0.734	0.0639	4	-22.27	1	0.0411	0.995	0.939	0.0688	0.634	65.137	95080	4	21.91396	6	0
0.725	0.779	11	-5.477	1	0.0243	0.0692	6.32e-06	0.11	0.897	101.781	220267	4	44.45668	10	0
0.398	0.802	0	-6.613	1	0.0518	0.0678	0.00583	0.189	0.342	100.345	441980	4	48.44191	15	0
0.408	0.282	8	-10.175	1	0.028	0.636	0.641	0.0944	0.0395	80.046	474680	4	29.97701	25	0
0.308	0.97	7	-3.248	0	0.0551	3.33e-06	0.903	0.153	0.375	194.947	322933	4	20.29285	12	0
0.373	0.988	0	-3.732	1	0.146	3.2e-05	1.51e-05	0.295	0.227	181.805	209400	4	53.23642	7	0
0.502	0.563	2	-8.153	1	0.0286	0.202	0.655	0.693	0.0896	159.949	286533	4	39.42733	13	0
0.258	0.579	0	-9.82	1	0.0298	0.000183	0.122	0.0968	0.0936	99.889	376587	4	133.88608	8	0
0.303	0.633	9	-10.568	0	0.0784	0.0695	0.00172	0.121	0.258	94.246	355053	4	38.54219	12	0
0.585	0.98	1	-3.608	1	0.0949	0.00109	0.00253	0.0785	0.457	104.008	134253	4	30.30885	8	0
0.784	0.841	4	-4.281	0	0.418	0.0349	0	0.417	0.786	151.286	265400	4	39.00154	13	0
0.387	0.637	2	-7.353	1	0.0351	0.175	9.07e-06	0.251	0.84	129.673	194547	4	30.31833	10	0
0.721	0.758	11	-7.536	0	0.0372	0.671	0.891	0.133	0.864	150.825	191173	4	29.54874	8	0
0.803	0.918	1	-4.014	1	0.19	0.00923	0	0.104	0.95	146.109	279760	4	28.93342	11	0
0.377	0.729	2	-8.352	1	0.0399	0.0122	0.942	0.645	0.204	120.026	310427	4	115.16342	9	0
0.721	0.653	7	-19.939	0	0.0442	0.0064	0.00679	0.588	0.783	118.987	137767	4	20.7391	7	0
0.428	0.345	9	-18.183	0	0.0322	0.805	0.951	0.245	0.188	104.304	117933	4	33.38817	6	0
0.406	0.903	11	-6.199	1	0.0888	0.403	0.645	0.105	0.371	159.478	374133	4	20.37956	15	0
0.456	0.531	9	-11.552	1	0.0337	0.38	0	0.305	0.938	125.528	159387	4	51.242	7	0
0.383	0.804	0	-6.659	1	0.0488	0.0726	0.00254	0.142	0.345	95.995	441933	4	110.55085	13	0
0.249	0.537	7	-9.39	1	0.0297	0.0157	0.00103	0.388	0.706	151.401	182267	4	37.59934	9	0
0.236	0.447	2	-8.345	0	0.0312	0.947	0.163	0.291	0.0903	173.71	365160	3	53.84422	19	0
0.602	0.334	4	-12.938	0	0.0396	0.862	0.103	0.19	0.741	120.827	166347	4	26.82011	8	0
0.838	0.616	1	-4.83	1	0.0404	0.00107	0	0.159	0.613	121.0	348907	4	47.93352	15	0
0.295	0.742	9	-7.909	1	0.0281	0.429	0.00218	0.254	0.491	158.404	128917	4	38.25348	6	0
0.705	0.883	9	-5.933	0	0.0613	0.436	0.000129	0.0797	0.412	137.948	181080	4	42.79463	6	0
0.3	0.951	1	-4.257	1	0.101	4.25e-05	0.516	0.366	0.135	144.996	165520	4	40.41918	8	0
0.357	0.628	2	-9.163	0	0.0351	0.223	0.725	0.314	0.0583	160.072	775507	4	23.79319	30	0
0.706	0.372	4	-12.359	0	0.0455	0.958	0.898	0.101	0.422	143.091	135147	4	28.34659	6	0
0.499	0.706	0	-7.335	1	0.0302	0.0747	0.00289	0.0753	0.483	148.931	153840	4	33.15461	9	0
0.589	0.587	2	-8.529	1	0.0417	0.205	0.796	0.11	0.661	137.55	324413	4	44.16838	10	0
0.376	0.0737	5	-23.784	0	0.0522	0.916	0.275	0.168	0.142	77.91	88640	4	26.73925	4	0
0.436	0.561	7	-15.36	0	0.0408	0.152	0.0402	0.51	0.727	105.302	69333	4	34.52692	4	0
0.526	0.513	2	-8.688	1	0.0379	0.0961	0.513	0.101	0.321	122.371	330187	4	21.75465	10	0
0.277	0.818	5	-5.921	0	0.0396	0.000228	0.898	0.0948	0.136	178.009	656000	3	76.12703	22	0
0.659	0.754	4	-3.423	0	0.0375	0.00184	0.836	0.0923	0.0471	130.021	323227	4	57.74348	13	0
0.457	0.24	3	-17.709	1	0.0272	0.889	0.364	0.271	0.106	111.863	91520	4	25.16118	6	0
0.439	0.681	9	-7.824	1	0.0302	0.431	0.13	0.701	0.321	172.02	246227	4	28.7714	13	0
0.549	0.93	1	-4.886	1	0.0388	2.25e-05	0.22	0.349	0.462	97.51	157080	4	37.70841	8	0
0.665	0.571	9	-7.294	0	0.0411	0.195	0.000183	0.126	0.062	93.01	213827	4	49.77822	8	0
0.234	0.988	1	-4.284	1	0.0896	8.87e-06	0.881	0.0688	0.565	183.844	160507	4	33.59588	8	0
0.72	0.867	4	-3.893	1	0.301	0.00199	0	0.24	0.391	128.999	271906	4	29.83167	13	0
0.204	0.725	2	-17.741	1	0.0752	0.00011	0.0338	0.157	0.377	172.988	90000	4	35.13179	6	0
0.498	0.845	2	-5.123	1	0.0373	0.00138	0.00255	0.09	0.137	95.175	263547	4	40.05438	10	0
0.772	0.789	6	-6.64	0	0.0582	0.136	3.27e-05	0.0729	0.708	137.96	206347	4	27.12569	9	0
0.292	0.92	7	-15.831	1	0.078	6.05e-06	0.159	0.104	0.116	115.289	97467	4	74.02985	4	0
0.673	0.926	2	-8.78	0	0.866	0.174	0	0.393	0.558	160.236	52760	4	44.6398	3	0
0.456	0.893	9	-6.554	1	0.0355	0.00299	2.1e-06	0.212	0.798	114.741	176133	4	33.31823	6	0
0.476	0.577	7	-8.112	1	0.0386	0.0623	0	0.0895	0.96	124.698	155667	3	50.82145	8	0
0.487	0.937	9	-5.681	0	0.331	0.709	0.89	0.295	0.125	128.478	251067	4	28.98417	12	0
0.56	0.985	8	-3.711	1	0.109	0.000408	0.015	0.11	0.419	144.968	169547	4	75.08615	6	0
0.474	0.927	11	-14.5	0	0.0422	0.00237	1.77e-05	0.543	0.711	109.9	133100	4	32.21852	8	0
0.608	0.336	7	-10.865	1	0.0368	0.0402	0.849	0.0906	0.097	100.014	325080	4	23.60284	17	0
0.178	0.343	4	-12.226	1	0.0342	0.861	0.436	0.12	0.0862	110.206	242760	3	33.71413	12	0
0.236	0.968	1	-4.952	1	0.0962	1.59e-05	0.219	0.0962	0.422	180.265	100733	4	17.91962	5	0
0.171	0.711	9	-9.438	0	0.0399	0.000277	0.777	0.406	0.312	139.549	384320	4	93.34327	13	0
0.445	0.838	7	-18.055	1	0.0831	0.0122	0.0487	0.474	0.24	100.015	129300	4	76.44519	5	0
0.504	0.666	9	-9.975	1	0.0416	0.000246	0.426	0.108	0.525	98.766	382720	4	16.00851	12	0
0.296	0.614	2	-7.186	0	0.0326	0.00246	0.878	0.217	0.172	154.06	325573	4	34.46665	12	0
0.612	0.655	3	-9.241	1	0.0313	0.14	0	0.276	0.621	133.737	161733	4	44.93386	7	0
0.391	0.528	0	-7.446	1	0.027	0.791	0.0852	0.32	0.295	96.196	286093	4	24.55993	14	0
0.305	0.217	2	-19.672	1	0.0332	0.00126	0.887	0.14	0.0482	138.157	177640	4	60.59907	5	0
0.463	0.7	5	-6.091	1	0.0297	0.235	0.00935	0.112	0.528	151.831	292333	4	19.81677	11	0
0.396	0.723	7	-7.871	1	0.0332	0.0917	9.38e-06	0.0742	0.549	123.742	145107	4	47.90519	5	0
0.357	0.628	2	-9.163	0	0.0351	0.223	0.725	0.314	0.0583	160.072	775507	4	23.79319	30	0
0.346	0.881	7	-5.97	1	0.0417	4.25e-06	0.231	0.13	0.405	116.952	195520	4	27.54928	9	0
0.684	0.638	7	-9.554	1	0.0328	0.158	0.49	0.0776	0.48	113.922	355280	4	30.392	12	0
0.591	0.973	5	-3.831	1	0.0825	7.01e-06	0.0027	0.116	0.32	134.795	164200	4	37.58379	8	0
0.302	0.962	9	-6.103	0	0.089	4.88e-05	0.475	0.0688	0.346	177.057	249973	3	33.99947	10	0
0.406	0.924	8	-6.096	1	0.0746	2.72e-05	0.18	0.105	0.265	135.068	284173	4	50.29027	15	0
0.434	0.972	7	-3.559	1	0.0535	5.92e-05	0.962	0.0725	0.189	100.009	452187	4	37.9767	14	0
0.661	0.612	5	-6.76	1	0.036	0.701	0	0.108	0.581	77.018	230600	4	86.77305	8	0
0.283	0.476	4	-16.478	1	0.0496	0.0291	0.48	0.108	0.104	184.23	250373	4	117.7585	9	0
0.629	0.874	6	-4.451	0	0.0312	0.338	0.0483	0.0553	0.454	138.965	200400	4	31.67095	11	0
0.528	0.888	2	-6.039	1	0.0326	0.0116	0.762	0.154	0.897	145.971	208067	4	39.93839	10	0
0.581	0.733	0	-3.487	1	0.0487	0.0877	0.00102	0.0954	0.423	119.96	281133	4	64.03403	11	0
0.292	0.743	9	-8.035	1	0.0284	0.448	0.00259	0.261	0.447	158.632	129213	4	38.60131	6	0
0.426	0.55	2	-7.816	1	0.032	0.00741	0.853	0.0627	0.221	127.933	381360	4	38.16659	13	0
0.257	0.323	7	-9.993	1	0.0288	0.518	6.37e-06	0.339	0.17	86.019	259987	3	24.35509	12	0
0.446	0.245	9	-12.698	0	0.029	0.919	0.878	0.0965	0.0741	95.467	151107	4	29.19043	6	0
0.461	0.658	2	-9.563	1	0.0472	0.401	0	0.33	0.86	133.938	194880	4	43.41581	9	0
0.328	0.658	7	-7.727	1	0.0331	0.624	8.71e-06	0.234	0.733	111.331	149253	3	19.27239	10	0
0.0927	0.891	7	-14.91	1	0.0503	0.000634	0.0292	0.389	0.0942	165.681	175600	4	52.31984	8	0
0.765	0.508	9	-10.257	1	0.0369	0.0512	0.886	0.0772	0.907	122.384	217427	4	71.02428	9	0
0.65	0.354	9	-8.665	0	0.0287	0.746	0.619	0.0986	0.0727	77.451	322733	4	38.36901	13	0
0.703	0.76	11	-5.377	0	0.0306	0.0134	1.39e-05	0.136	0.496	124.033	259493	4	41.33419	10	0
0.594	0.252	7	-17.049	0	0.0354	0.76	0.729	0.106	0.319	119.989	149547	3	72.10033	5	0
0.402	0.904	11	-6.142	1	0.0966	0.423	0.721	0.138	0.353	159.334	374642	4	24.29821	13	0
0.798	0.857	11	-5.996	0	0.0436	0.155	0.635	0.116	0.957	141.08	202800	4	39.71755	9	0
0.498	0.845	2	-5.123	1	0.0373	0.00138	0.00255	0.09	0.137	95.175	263547	4	40.05438	10	0
0.779	0.859	7	-4.347	1	0.381	0.0421	0	0.306	0.767	151.215	265467	4	37.46139	12	0
0.303	0.988	0	-3.769	0	0.114	1.93e-06	0.712	0.104	0.133	118.092	291467	3	39.33788	16	0
0.54	0.505	2	-5.953	0	0.0303	0.00378	0.013	0.104	0.41	159.973	226760	3	32.31916	10	0
0.524	0.336	2	-13.025	0	0.0352	0.487	0.722	0.235	0.092	110.051	348320	4	35.61071	15	0
0.773	0.677	5	-8.153	1	0.0321	0.156	0.0126	0.0955	0.666	141.033	200227	4	28.26907	8	0
0.672	0.767	1	-4.597	1	0.0383	0.488	1.34e-06	0.137	0.878	116.313	245093	4	82.61955	10	0
0.47	0.675	0	-10.271	1	0.0314	0.0167	0.015	0.0889	0.926	131.61	160280	4	25.29891	9	0
0.557	0.88	6	-6.56	1	0.0315	0.584	0.0276	0.137	0.918	160.454	223987	4	30.92417	8	0
0.178	0.871	5	-0.733	1	0.0744	0.0516	0.0493	0.519	0.223	140.211	315800	4	28.21174	15	0
0.486	0.529	4	-8.097	0	0.0279	0.389	0.86	0.725	0.0392	97.988	372293	4	39.19539	7	0
0.344	0.503	3	-6.811	1	0.0291	0.588	1.97e-05	0.151	0.308	190.052	186600	3	61.55032	7	0
0.294	0.937	0	-6.021	0	0.0636	1.37e-05	0.311	0.298	0.146	112.336	484547	3	39.50963	20	0
0.575	0.977	8	-3.468	1	0.079	0.000521	0	0.0801	0.555	144.941	149520	4	34.88725	10	0
0.508	0.886	2	-7.208	1	0.0429	7.01e-06	0.726	0.233	0.513	120.083	125453	4	49.36029	6	0
0.226	0.689	9	-6.197	1	0.0326	0.00091	0.587	0.359	0.216	129.335	309307	4	60.919	11	0
0.387	0.912	0	-5.506	0	0.0579	4.2e-06	0.00215	0.242	0.218	100.059	251267	4	40.48784	11	0
0.466	0.676	2	-5.108	1	0.0637	0.836	0.000268	0.444	0.304	104.396	89120	4	72.21008	3	0
0.382	0.719	5	-11.237	0	0.04	0.0163	0.0813	0.274	0.965	152.831	119120	4	28.96743	7	0
0.664	0.679	5	-8.293	1	0.03	0.149	4.84e-05	0.347	0.804	96.002	150651	4	33.14767	6	0
0.377	0.729	2	-8.352	1	0.0399	0.0122	0.942	0.645	0.204	120.026	310427	4	115.16342	9	0
0.482	0.962	11	-3.78	1	0.0601	0.000217	3.34e-05	0.13	0.539	117.789	171787	4	59.54314	6	0
0.49	0.356	7	-14.026	1	0.0323	0.777	0.0246	0.351	0.131	61.275	183333	4	175.42496	3	0
0.443	0.951	2	-6.637	1	0.105	0.000179	0.274	0.105	0.281	160.24	321600	4	69.86785	9	0
0.522	0.853	0	-7.66	1	0.0362	0.071	2.82e-05	0.343	0.455	107.943	210559	4	57.66942	11	0
0.363	0.853	3	-5.056	0	0.278	1.44e-05	0.00203	0.59	0.316	127.894	364160	4	30.36822	18	0
0.638	0.708	0	-9.103	1	0.0399	0.224	0.432	0.139	0.529	139.005	213067	4	44.6319	8	0
0.238	0.58	0	-13.055	1	0.0348	0.409	0.96	0.129	0.107	183.462	278587	3	29.25622	11	0
0.46	0.486	6	-9.402	1	0.0351	0.23	0.137	0.477	0.0516	172.39	479493	4	21.73032	19	0
0.573	0.0927	2	-15.745	1	0.0371	0.708	0.0164	0.113	0.152	110.979	199760	4	25.86726	10	0
0.45	0.991	1	-4.042	1	0.129	7.48e-06	0.38	0.367	0.29	110.287	57707	1	27.6737	4	0
0.514	0.731	2	-6.492	1	0.0516	0.0265	0.0485	0.313	0.673	132.965	136267	4	23.78228	8	0
0.726	0.779	11	-5.476	1	0.0243	0.0707	5.74e-06	0.111	0.896	101.78	220267	4	44.45707	10	0
0.728	0.703	1	-2.511	1	0.0325	0.00323	0	0.0866	0.136	142.113	263427	4	87.36442	11	0
0.59	0.606	5	-6.729	1	0.0391	0.712	0	0.107	0.561	77.012	230600	4	52.43833	10	0
0.51	0.889	10	-7.654	1	0.0782	0.738	0.0102	0.0716	0.68	87.004	132893	4	86.26849	5	0
0.385	0.218	2	-17.061	0	0.0359	0.935	0.912	0.141	0.0522	130.082	187293	4	47.95245	9	0
0.247	0.635	1	-11.891	1	0.0477	8e-06	8.69e-06	0.183	0.104	118.367	318000	1	23.84845	16	0
0.785	0.614	9	-11.957	1	0.0666	0.157	0.619	0.0704	0.319	123.004	649987	4	84.01647	18	0
0.239	0.326	5	-15.052	1	0.0444	0.848	0.916	0.103	0.215	118.654	92533	4	32.42886	5	0
0.428	0.0577	7	-21.373	1	0.042	0.982	0.886	0.112	0.315	126.847	119120	3	42.7743	7	0
0.492	0.654	8	-8.711	1	0.0308	0.00723	6.77e-06	0.1	0.96	133.999	155080	4	43.21057	8	0
0.409	0.606	3	-9.937	1	0.045	0.000185	0.709	0.242	0.353	121.953	257240	4	32.94755	11	0
0.497	0.575	11	-10.391	0	0.0327	0.00998	0	0.0698	0.936	151.19	121800	4	31.95927	8	0
0.586	0.684	2	-10.009	1	0.0599	0.0491	0.00298	0.116	0.41	137.69	300954	4	21.52457	10	0
0.559	0.765	4	-6.212	0	0.0454	0.0441	0.715	0.713	0.387	86.98	554040	4	53.47239	18	0
0.43	0.551	7	-8.104	1	0.0331	0.345	0.15	0.105	0.148	87.761	383120	3	82.95218	14	0
0.228	0.438	6	-11.072	1	0.0381	0.00703	0.838	0.305	0.231	89.819	359787	4	13.09191	10	0
0.841	0.624	1	-4.48	1	0.04	0.00103	0	0.144	0.582	120.997	348893	4	29.8698	17	0
0.325	0.914	2	-7.162	0	0.0579	0.00023	0.692	0.065	0.649	185.086	346440	3	31.82511	17	0
0.487	0.536	4	-10.193	1	0.0319	0.0538	0.000186	0.0833	0.605	140.421	123240	4	48.00065	7	0
0.387	0.819	4	-8.151	0	0.0555	0.218	0.137	0.11	0.405	119.077	244133	3	59.22108	9	0
0.205	0.895	0	-6.668	0	0.0588	3.74e-05	0.404	0.172	0.158	112.734	405627	3	107.53349	16	0
0.707	0.597	9	-7.481	1	0.0297	0.728	0.164	0.286	0.835	91.204	151880	4	52.75855	7	0
0.227	0.975	11	-3.779	1	0.0945	5.18e-05	0.21	0.102	0.378	172.094	160973	4	22.13429	9	0
0.549	0.931	1	-4.772	1	0.0387	1.81e-05	0.126	0.328	0.442	97.511	157080	4	45.10279	8	0
0.439	0.817	7	-5.071	1	0.0322	0.00311	0.238	0.261	0.387	155.284	332667	4	84.55443	13	0
0.286	0.88	6	-3.972	1	0.344	4.65e-05	8.07e-05	0.632	0.354	86.777	364173	5	30.34372	14	0
0.747	0.436	0	-11.698	1	0.0265	0.594	0.548	0.107	0.713	100.046	224120	4	20.71086	11	0
0.292	0.335	4	-11.291	0	0.0316	0.00243	0.807	0.416	0.072	100.029	349947	3	50.53045	13	0
0.608	0.477	7	-11.372	1	0.0289	0.0614	0.00905	0.124	0.18	106.17	243987	4	85.715	8	0
0.34	0.499	3	-6.816	1	0.029	0.593	2.53e-05	0.147	0.287	190.35	186600	3	61.55014	7	0
0.449	0.478	11	-18.165	1	0.0407	0.00054	0.00633	0.311	0.938	105.88	151967	4	27.80568	7	0
0.527	0.434	4	-9.462	1	0.0249	0.228	0.912	0.0986	0.108	90.797	223613	4	74.73661	12	0
0.636	0.817	9	-6.803	1	0.0281	0.175	0.0278	0.333	0.618	110.949	211693	4	31.38332	11	0
0.457	0.0952	2	-15.476	1	0.0413	0.693	0.032	0.113	0.138	139.432	199760	5	63.91729	6	0
0.375	0.559	10	-10.055	0	0.0265	0.00184	0.927	0.284	0.0731	98.296	407107	4	19.33183	13	0
0.445	0.327	2	-12.421	0	0.0262	0.204	0.454	0.933	0.101	95.954	438613	3	29.42691	14	0
0.276	0.986	0	-4.288	1	0.163	0.000109	0.844	0.113	0.265	163.148	151507	4	40.3414	6	0
0.198	0.168	6	-13.751	0	0.032	0.904	8.39e-06	0.697	0.0394	174.551	247387	4	29.42765	16	0
0.606	0.499	7	-12.699	1	0.053	0.894	0	0.21	0.746	159.286	112849	4	61.88381	5	0
0.226	0.689	9	-6.197	1	0.0326	0.00091	0.587	0.359	0.216	129.335	309307	4	60.919	11	0
0.55	0.299	5	-16.237	1	0.0252	0.514	0.962	0.117	0.0396	93.326	431000	4	22.1748	31	0
0.417	0.991	7	-3.954	1	0.12	7.14e-06	0.393	0.39	0.297	110.141	57707	1	44.99737	3	0
0.517	0.578	0	-7.567	1	0.0335	0.000942	0.000473	0.104	0.399	136.164	287573	4	35.79593	13	0
0.306	0.558	6	-18.587	1	0.0637	0.03	0.000324	0.557	0.288	148.102	175067	4	33.59418	7	0
0.43	0.511	4	-8.56	0	0.0289	0.745	0.821	0.124	0.448	86.714	221613	4	97.59595	6	0
0.413	0.96	7	-5.03	1	0.0605	6.42e-06	0.616	0.0975	0.353	152.014	286467	4	22.46146	8	0
0.586	0.7	6	-4.849	1	0.127	0.00931	0.000106	0.0476	0.79	97.03	216360	4	28.12552	11	0
0.636	0.57	0	-7.508	1	0.0395	0.0912	0.000311	0.0972	0.831	126.684	163867	4	72.82038	7	0
0.274	0.863	10	-5.03	0	0.041	3.86e-05	0.0213	0.216	0.347	102.36	239960	4	35.20765	9	0
0.429	0.924	2	-6.131	0	0.0406	0.000542	0.353	0.104	0.484	154.104	195233	4	52.34684	7	0
0.433	0.594	0	-11.569	1	0.0557	0.294	1.66e-06	0.0914	0.544	130.707	173827	4	34.83561	9	0
0.287	0.692	5	-7.897	1	0.0523	0.0225	0.225	0.0963	0.164	110.869	476773	5	24.37706	16	0
0.503	0.77	5	-9.909	1	0.0662	0.00979	0.205	0.0775	0.709	102.458	130880	4	42.8035	7	0
0.731	0.673	5	-5.751	1	0.0315	0.343	0.00258	0.0651	0.752	122.012	299973	4	31.22962	14	0
0.426	0.884	0	-6.279	1	0.0365	0.00326	0.0495	0.0903	0.852	157.811	234693	4	56.10432	10	0
0.262	0.595	0	-9.844	1	0.0307	0.000188	0.081	0.104	0.0822	100.235	376587	4	45.33368	6	0
0.56	0.807	11	-6.412	0	0.0305	0.132	0.437	0.125	0.882	151.787	237307	4	27.35529	11	0
0.316	0.481	11	-8.817	0	0.0311	0.268	0.187	0.168	0.638	85.605	151360	3	26.90695	7	0
0.316	0.308	0	-6.206	0	0.0278	0.775	0	0.131	0.118	108.691	228653	4	53.73298	7	0
0.486	0.665	9	-8.421	1	0.0312	0.425	0	0.121	0.936	147.93	143373	4	34.37904	8	0
0.445	0.327	2	-12.421	0	0.0262	0.204	0.454	0.933	0.101	95.954	438613	3	29.42691	14	0
0.439	0.609	7	-8.827	1	0.0326	0.000102	1.51e-05	0.131	0.333	104.96	232280	1	41.89379	9	0
0.64	0.493	7	-11.013	1	0.0368	0.0238	0.735	0.274	0.596	110.634	197427	4	25.07154	8	0
0.426	0.319	9	-13.412	0	0.0299	0.832	0.715	0.0896	0.172	144.052	309800	4	34.33889	13	0
0.457	0.929	11	-4.975	1	0.0603	0.000111	0.000265	0.111	0.246	165.016	153493	4	18.29743	9	0
0.385	0.218	2	-17.061	0	0.0359	0.935	0.912	0.141	0.0522	130.082	187293	4	47.95245	9	0
0.571	0.531	7	-13.648	1	0.0285	0.601	0.000109	0.15	0.955	89.26	117267	4	20.61746	6	0
0.527	0.359	9	-17.919	1	0.035	0.187	0.925	0.112	0.0337	117.063	474267	4	29.57725	12	0
0.742	0.11	9	-18.322	0	0.0324	0.7	0.649	0.0948	0.0558	109.843	227213	4	47.45874	12	0
0.399	0.682	10	-10.41	0	0.05	0.186	0.0371	0.367	0.935	118.26	135000	4	21.7926	8	0
0.704	0.762	11	-5.392	0	0.0302	0.0135	1.37e-05	0.125	0.516	124.029	259493	4	41.33405	10	0
0.307	0.944	7	-4.688	1	0.112	2.17e-06	0.00244	0.213	0.355	139.769	137400	3	130.1401	3	0
0.178	0.777	1	-5.946	1	0.0376	4.4e-05	0.735	0.277	0.0962	80.84	362547	4	80.72716	12	0
0.667	0.692	5	-8.361	1	0.0285	0.147	3.75e-05	0.349	0.846	96.021	151333	4	34.10729	5	0
0.214	0.923	1	-7.226	1	0.0537	0.266	0.028	0.138	0.59	199.735	282633	3	22.67832	9	0
0.502	0.691	9	-9.453	0	0.0311	0.00911	0.0149	0.133	0.629	143.926	202617	4	45.99654	9	0
0.538	0.52	9	-7.46	1	0.0299	0.00425	0	0.367	0.678	106.031	183440	4	102.86677	4	0
0.522	0.957	2	-5.996	1	0.14	0.00368	0.782	0.0824	0.114	124.712	393760	4	79.15501	10	0
0.61	0.741	0	-7.147	1	0.0287	0.00997	0.0546	0.0888	0.51	140.987	225707	4	41.4612	8	0
0.604	0.483	7	-11.4	1	0.0286	0.064	0.0047	0.118	0.171	106.226	243920	4	69.85539	10	0
0.641	0.82	9	-5.975	0	0.0381	0.0275	0.0518	0.163	0.361	137.935	247253	4	28.9174	9	0
0.179	0.366	0	-8.974	0	0.0504	0.83	0	0.801	0.303	68.037	240000	1	68.64143	11	0
0.304	0.872	2	-5.942	0	0.0407	4.42e-05	0.895	0.347	0.216	176.122	453227	3	29.06283	16	0
0.566	0.06	10	-17.545	1	0.0715	0.966	0.846	0.086	0.326	137.335	83893	4	52.02587	4	0
0.458	0.618	0	-9.141	1	0.0378	0.145	0.0199	0.911	0.322	123.95	422813	3	34.24334	14	0
0.525	0.858	5	-1.934	0	0.105	0.0343	0	0.37	0.808	121.606	122107	4	45.07827	5	0
0.456	0.776	9	-6.999	0	0.0348	0.0423	0.00975	0.148	0.223	174.261	358600	4	25.251	15	0
0.755	0.278	8	-14.217	1	0.0655	0.048	0	0.0705	0.653	111.751	247893	4	54.27271	11	0
0.618	0.904	0	-5.691	1	0.0298	0.0215	0.000305	0.086	0.768	103.968	197533	4	28.37271	8	0
0.401	0.568	4	-11.022	1	0.0518	2.59e-05	0	0.0541	0.409	78.993	165173	4	48.04815	7	0
0.724	0.756	11	-5.473	1	0.025	0.0781	3.89e-06	0.0912	0.883	101.771	219240	4	44.43078	12	0
0.336	0.258	1	-12.079	1	0.033	0.478	0.372	0.13	0.103	110.068	213613	4	34.96888	10	0
0.686	0.976	1	-3.229	0	0.189	0.114	0.0236	0.383	0.482	149.692	239693	4	77.67891	9	0
0.551	0.699	9	-7.616	1	0.0357	0.0116	0.251	0.176	0.519	128.237	327627	4	23.49152	11	0
0.53	0.89	2	-6.042	1	0.0328	0.0124	0.759	0.143	0.868	145.958	207679	4	39.93954	10	0
0.633	0.665	11	-10.448	1	0.0467	0.581	0.0135	0.113	0.836	128.719	117653	4	24.58794	7	0
0.35	0.349	9	-12.213	0	0.0403	0.518	0.754	0.0826	0.08	120.726	399947	3	25.94767	22	0
0.304	0.97	7	-4.31	0	0.0979	0.00021	0.935	0.0211	0.152	195.016	270613	3	35.95605	7	0
0.147	0.54	9	-9.117	0	0.0339	0.0277	0.917	0.211	0.103	99.549	555760	4	23.1351	27	0
0.317	0.104	7	-17.28	1	0.0434	0.0326	0.788	0.116	0.0367	123.332	220227	3	32.29474	7	0
0.493	0.616	7	-8.273	0	0.0369	0.313	0	0.049	0.437	108.062	172680	4	24.09056	11	0
0.579	0.742	4	-6.367	1	0.121	0.00592	0.00717	0.0712	0.722	147.737	146587	4	18.32163	8	0
0.439	0.817	7	-5.071	1	0.0322	0.00311	0.238	0.261	0.387	155.284	332667	4	84.55443	13	0
0.542	0.467	9	-12.873	1	0.0318	0.608	0.897	0.0947	0.375	97.667	174747	4	37.12076	9	0
0.634	0.826	9	-6.834	1	0.0296	0.185	0.0341	0.299	0.603	110.93	213133	4	31.39559	10	0
0.46	0.401	7	-10.895	0	0.0458	0.959	0.0689	0.107	0.0869	106.568	237893	4	88.16174	6	0
0.367	0.85	9	-10.503	0	0.053	0.0341	0.551	0.178	0.389	120.533	778920	4	19.06407	26	0
0.801	0.68	1	-2.362	1	0.0309	0.00364	0	0.0783	0.204	142.1	263440	4	81.68449	11	0
0.54	0.478	0	-7.025	0	0.0374	0.897	0.865	0.142	0.475	104.374	234453	4	59.3007	11	0
0.247	0.303	4	-12.721	0	0.0347	0.761	0.00627	0.0751	0.324	74.467	183493	4	23.96293	8	0
0.344	0.983	7	-3.414	1	0.198	0.00897	0	0.0694	0.237	168.65	185667	4	29.35507	7	0
0.725	0.774	4	-6.402	0	0.174	0.135	0.126	0.0844	0.72	78.976	194960	4	23.65046	6	0
0.343	0.915	9	-6.804	1	0.0525	0.198	0	0.322	0.947	151.348	168240	4	37.5857	8	0
0.189	0.731	7	-9.706	1	0.0684	0.00375	0.665	0.0862	0.128	76.072	421947	4	29.02509	16	0
0.797	0.879	9	-3.857	1	0.231	0.000164	0.00481	0.0669	0.734	157.96	316640	4	26.99529	15	0
0.27	0.326	9	-12.171	0	0.044	0.582	0.563	0.162	0.0866	84.522	808667	4	47.96329	27	0
0.287	0.973	7	-3.927	1	0.1	0.00243	7.02e-05	0.33	0.382	172.835	136960	4	36.59156	6	0
0.324	0.905	7	-5.142	1	0.0605	0.079	0.00433	0.117	0.328	165.133	374317	4	76.00084	12	0
0.292	0.944	2	-4.154	0	0.0537	1.53e-06	0.803	0.0516	0.265	159.995	262133	4	33.47341	11	0
0.427	0.146	11	-21.147	0	0.0424	0.959	0.919	0.133	0.126	66.194	134787	3	35.73885	7	0
0.312	0.964	2	-6.16	0	0.148	1.87e-05	0.0741	0.193	0.0839	176.162	255973	4	59.41004	7	0
0.508	0.886	2	-7.208	1	0.0429	7.01e-06	0.726	0.233	0.513	120.083	125453	4	49.36029	6	0
0.52	0.991	5	-4.154	1	0.159	3.98e-06	0.0832	0.128	0.342	100.038	141373	4	30.0564	5	0
0.644	0.823	3	-5.895	0	0.0428	0.37	1.46e-06	0.0402	0.751	96.993	184373	4	40.93592	7	0
0.613	0.87	9	-7.266	1	0.0373	0.143	7.78e-05	0.131	0.813	125.797	55089	3	39.52241	3	0
0.301	0.963	1	-4.2	1	0.166	1.77e-06	0.0166	0.303	0.438	146.176	162827	4	41.14894	10	0
0.172	0.334	4	-15.863	1	0.0464	0.811	0.693	0.405	0.0511	65.077	217733	4	62.46208	7	0
0.45	0.475	11	-14.382	0	0.0367	0.00611	0.0384	0.0893	0.149	116.943	372560	4	19.59848	17	0
0.537	0.908	1	-3.787	1	0.0737	0.000384	0	0.119	0.805	159.621	170187	4	24.48892	10	0
0.32	0.733	9	-6.292	1	0.0348	0.0134	0.00217	0.75	0.739	127.003	152227	4	41.93329	8	0
0.21	0.943	8	-4.376	1	0.0964	0.00015	0.933	0.144	0.0726	100.017	275400	4	46.62553	9	0
0.254	0.966	1	-4.943	1	0.11	1.49e-05	0.231	0.1	0.375	180.137	100733	4	51.17041	4	0
0.327	0.955	7	-6.102	1	0.0732	0.0749	0.2	0.277	0.0757	75.769	374817	4	51.46339	13	0
0.488	0.975	1	-4.162	1	0.168	0.000733	0.235	0.36	0.277	115.777	247560	4	49.08049	8	0
0.472	0.632	2	-10.497	1	0.0343	0.0277	0.214	0.228	0.491	126.2	153587	4	36.00391	8	0
0.703	0.897	5	-3.473	0	0.297	0.148	0	0.104	0.613	143.885	258467	4	26.55076	14	0
0.322	0.697	11	-7.65	0	0.0417	0.00993	0.335	0.169	0.493	128.224	327787	4	23.93512	13	0
0.307	0.989	0	-4.342	1	0.149	5.96e-05	0.0878	0.327	0.524	175.301	141800	4	35.93833	7	0
0.499	0.69	9	-9.424	0	0.0316	0.00963	0.00795	0.13	0.629	143.9	207573	4	45.08572	9	0
0.486	0.529	4	-8.097	0	0.0279	0.389	0.86	0.725	0.0392	97.988	372293	4	39.19539	7	0
0.787	0.769	10	-9.019	1	0.0476	0.654	0.000489	0.128	0.862	77.38	168623	4	25.22722	9	0
0.357	0.936	5	-4.682	0	0.0846	9.62e-06	0.565	0.25	0.419	165.036	272667	4	36.00601	12	0
0.748	0.455	3	-12.351	0	0.0528	0.0188	0.808	0.109	0.116	100.082	193827	4	63.20064	4	0
0.426	0.584	4	-9.349	0	0.0257	0.509	0.573	0.296	0.59	95.146	251480	4	26.56641	9	0
0.201	0.391	11	-14.183	1	0.0302	3.22e-05	0.858	0.193	0.599	179.524	141680	4	22.66772	10	0
0.223	0.596	0	-10.659	1	0.0419	0.404	0.828	0.811	0.519	146.882	124440	4	71.2276	4	0
0.322	0.589	10	-18.021	1	0.0418	0.000168	0.000132	0.0867	0.685	107.465	116667	4	27.51814	6	0
0.409	0.9	11	-6.163	1	0.0952	0.446	0.621	0.113	0.376	159.467	374133	4	19.22741	14	0
0.834	0.699	4	-6.535	0	0.0378	0.154	0.483	0.145	0.9	119.69	242440	4	17.40555	9	0
0.747	0.57	11	-8.102	0	0.0318	0.711	0.839	0.0907	0.543	124.557	424133	4	31.81434	19	0
0.455	0.962	7	-7.239	0	0.118	6.99e-06	0.593	0.142	0.404	97.569	265680	4	77.28677	8	0
0.772	0.083	2	-19.36	1	0.0566	0.994	0.925	0.119	0.11	129.122	299067	3	43.28637	9	0
0.189	0.731	7	-9.706	1	0.0684	0.00375	0.665	0.0862	0.128	76.072	421947	4	29.02509	16	0
0.434	0.563	0	-7.698	1	0.03	0.741	0.174	0.179	0.372	144.093	239333	4	27.10436	12	0
0.784	0.539	11	-7.676	0	0.0406	0.317	0.377	0.0989	0.962	122.53	221227	4	36.76799	11	0
0.298	0.957	1	-5.601	1	0.0778	4.96e-06	0.818	0.371	0.405	136.073	251000	4	27.28256	15	0
0.593	0.479	2	-10.947	0	0.0338	0.835	0.936	0.108	0.143	107.422	327280	4	26.91364	11	0
0.79	0.754	7	-9.069	0	0.0507	0.626	0.000206	0.121	0.868	77.16	168507	4	63.4775	8	0
0.166	0.714	0	-6.424	1	0.0343	4.2e-05	0.421	0.246	0.14	147.501	249813	4	37.08504	11	0
0.232	0.585	9	-10.512	1	0.0392	0.0176	0.00323	0.459	0.53	144.103	160693	4	33.78381	8	0
0.488	0.92	10	-6.855	0	0.0357	0.00514	0.00343	0.132	0.536	106.432	280120	4	39.42796	7	0
0.393	0.617	11	-10.522	0	0.0489	0.00021	0.0862	0.105	0.411	134.526	258973	3	54.90807	10	0
0.283	0.26	4	-12.791	1	0.0376	0.915	0.889	0.14	0.0369	113.083	712240	4	44.3569	33	0
0.512	0.575	9	-7.571	0	0.0334	0.000778	0.0006	0.104	0.422	136.171	287587	4	35.39837	13	0
0.527	0.463	9	-9.68	1	0.0363	0.377	0	0.0664	0.795	113.943	232520	4	24.74162	11	0
0.595	0.938	9	-3.182	1	0.134	0.142	0	0.269	0.44	134.014	249187	4	57.7992	10	0
0.661	0.198	9	-12.218	1	0.568	0.412	0	0.113	0.203	92.542	121013	1	47.33422	5	0
0.639	0.506	9	-12.735	0	0.0542	0.889	2.36e-06	0.209	0.746	79.573	113133	4	111.17434	3	0
0.536	0.594	9	-6.29	0	0.0309	0.00997	0.775	0.657	0.226	159.995	459947	3	47.36784	14	0
0.492	0.918	10	-6.871	0	0.0355	0.00614	0.00188	0.135	0.513	106.418	280120	4	37.73803	8	0
0.415	0.756	0	-8.147	1	0.0372	2.22e-05	0.302	0.225	0.153	164.188	279293	4	50.67462	11	0
0.469	0.534	10	-6.462	1	0.0297	0.033	0.0332	0.105	0.0769	75.107	393893	4	73.68835	17	0
0.544	0.962	7	-4.116	0	0.053	1.53e-05	0.379	0.142	0.409	137.939	277920	4	57.47992	11	0
0.354	0.581	9	-6.074	1	0.0302	0.203	0.655	0.177	0.337	171.961	258587	4	46.86178	10	0
0.5	0.479	7	-6.489	0	0.0312	0.822	0	0.119	0.587	93.873	205133	4	49.55132	9	0
0.258	0.0723	5	-27.62	1	0.0438	0.972	0.808	0.065	0.0353	134.531	197027	3	16.94501	9	0
0.587	0.799	2	-8.978	1	0.0459	0.0214	0.594	0.95	0.408	97.998	402413	4	40.0123	17	0
0.319	0.766	9	-11.228	1	0.152	0.00654	0.000169	0.0705	0.833	167.612	136427	4	32.3136	8	0
0.587	0.984	1	-3.714	1	0.119	0.0011	0.000899	0.0845	0.385	104.024	134253	4	31.45679	6	0
0.611	0.289	0	-8.029	1	0.0354	0.938	1.35e-05	0.17	0.178	75.054	109893	4	77.74415	4	0
0.26	0.425	7	-11.679	1	0.0374	0.257	0.0146	0.0854	0.413	71.918	170587	4	21.99522	8	0
0.322	0.672	0	-7.391	1	0.0379	0.0659	2.39e-05	0.165	0.536	133.887	153227	4	43.62758	9	0
0.527	0.888	0	-5.715	1	0.0486	0.00202	0.627	0.381	0.294	157.981	586573	4	36.87508	20	0
0.626	0.894	9	-7.404	1	0.039	0.169	5.22e-05	0.0473	0.798	125.925	55040	3	23.19883	4	0
0.32	0.82	0	-5.42	1	0.0763	0.00014	0.603	0.0958	0.292	126.521	246493	4	57.87002	10	0
0.161	0.301	7	-9.932	1	0.0436	0.0827	0.807	0.107	0.0576	79.265	84613	3	39.67012	4	0
0.574	0.844	3	-4.325	1	0.0308	0.000241	0.00155	0.187	0.457	130.149	338733	4	67.70904	12	0
0.485	0.359	10	-16.04	1	0.0261	0.782	0.875	0.162	0.102	95.335	318253	4	68.21057	9	0
0.758	0.692	2	-8.161	0	0.0389	0.0736	0.00149	0.142	0.84	117.981	156573	4	52.4199	7	0
0.39	0.935	1	-5.79	1	0.105	0.000374	0.00111	0.14	0.405	121.806	114760	4	41.78681	6	0
0.4	0.448	8	-11.448	1	0.0361	0.445	0.902	0.0936	0.214	126.099	250573	4	73.91029	9	0
0.716	0.773	11	-7.499	0	0.0333	0.649	0.886	0.132	0.891	150.919	191173	4	29.53668	8	0
0.599	0.861	5	-11.102	1	0.25	0.277	0.00367	0.175	0.603	117.755	161853	4	49.63765	6	0
0.272	0.851	2	-6.246	1	0.0363	0.105	0.209	0.807	0.289	94.598	281080	4	54.18408	10	0
0.376	0.789	2	-5.032	0	0.05	0.016	0.704	0.245	0.0483	159.966	722200	4	37.07845	27	0
0.212	0.933	1	-7.238	1	0.0545	0.301	0.0365	0.134	0.51	199.809	282507	3	38.377	8	0
0.583	0.54	4	-12.117	0	0.0461	0.708	1.18e-05	0.0452	0.795	94.725	126547	4	28.75892	7	0
0.495	0.979	4	-4.331	0	0.184	6.77e-06	2.65e-05	0.0885	0.191	152.749	202600	4	20.11784	7	0
0.53	0.917	5	-7.846	1	0.0708	0.000317	0.124	0.142	0.293	96.518	309413	4	67.21607	10	0
0.425	0.622	4	-9.986	1	0.0943	0.0106	0	0.28	0.398	129.66	185240	4	36.37334	10	0
0.478	0.98	5	-5.797	0	0.0835	1.62e-05	0.000761	0.0952	0.487	97.555	186133	4	34.92856	8	0
0.66	0.686	4	-8.617	1	0.0341	0.132	0.928	0.135	0.369	109.955	209440	4	35.49494	9	0
0.563	0.881	6	-6.561	1	0.0321	0.566	0.0232	0.139	0.914	160.34	223987	4	30.91042	8	0
0.29	0.408	9	-18.314	1	0.064	0.000453	0.00143	0.178	0.46	84.595	93567	4	87.02623	3	0
0.672	0.765	1	-4.598	1	0.0384	0.487	1.42e-06	0.127	0.882	116.313	245093	4	34.18315	11	0
0.624	0.899	0	-5.71	1	0.0295	0.0223	0.000155	0.0975	0.797	104.055	193373	4	27.80569	8	0
0.238	0.84	7	-6.034	0	0.0457	3.93e-05	0.466	0.0869	0.22	106.625	323160	4	34.82982	11	0
0.274	0.974	0	-4.151	1	0.211	0.00235	0	0.0818	0.485	164.819	199413	4	34.38086	8	0
0.42	0.968	7	-2.332	1	0.0927	3.07e-05	0.861	0.0422	0.238	106.062	239840	4	61.45186	10	0
0.166	0.97	5	-5.169	1	0.0878	0.000549	0.000123	0.0773	0.465	191.171	162827	4	23.99428	7	0
0.327	0.44	10	-22.822	1	0.0712	0.804	0.804	0.382	0.0355	71.132	108493	1	53.03704	4	0
0.696	0.856	11	-6.897	0	0.0564	0.0266	0.56	0.0828	0.53	136.948	260227	4	45.7354	9	0
0.675	0.461	0	-10.515	1	0.0311	0.182	0.167	0.0566	0.258	104.975	329253	4	43.25389	16	0
0.337	0.955	8	-4.352	1	0.0738	0.000213	0.044	0.223	0.378	151.588	141840	4	27.33907	7	0
0.542	0.531	9	-7.481	1	0.0301	0.0033	1.51e-06	0.338	0.671	105.97	183391	4	173.67955	3	0
0.478	0.413	7	-12.913	1	0.0294	0.688	0.866	0.0743	0.0975	110.841	230760	4	47.29865	9	0
0.592	0.605	10	-6.744	1	0.0393	0.703	1.32e-06	0.101	0.562	77.03	230600	4	87.91227	9	0
0.463	0.303	0	-12.758	1	0.0295	0.891	0.707	0.193	0.602	92.865	135400	4	28.09176	7	0
0.355	0.622	5	-8.463	0	0.066	0.0931	0.0424	0.169	0.0398	118.025	472067	4	52.63406	12	0
0.166	0.24	4	-14.63	1	0.0404	0.906	0.873	0.229	0.0399	141.438	193387	5	85.71597	6	0
0.301	0.989	0	-4.273	1	0.151	5.99e-05	0.0566	0.342	0.531	175.205	141800	4	35.94309	7	0
0.564	0.579	0	-14.082	1	0.0349	0.866	0.903	0.116	0.855	111.255	142960	4	36.77971	8	0
0.388	0.322	9	-11.629	0	0.0297	0.000952	0.746	0.137	0.0819	82.125	346440	5	30.59677	13	0
0.463	0.262	7	-14.73	1	0.0305	0.32	0.169	0.347	0.553	104.367	255954	4	33.97618	12	0
0.67	0.686	11	-6.226	0	0.0287	0.254	0.00506	0.224	0.239	108.106	152640	4	36.65504	9	0
0.559	0.765	4	-6.212	0	0.0454	0.0441	0.715	0.713	0.387	86.98	554040	4	53.47239	18	0
0.215	0.607	0	-12.528	1	0.0597	0.139	0.00113	0.297	0.0667	103.953	276187	4	62.13097	17	0
0.792	0.553	2	-7.648	1	0.059	0.809	0	0.0836	0.651	108.096	206600	4	33.66619	9	0
0.305	0.66	7	-12.099	1	0.0334	0.327	0.939	0.157	0.0691	69.898	108307	4	58.20505	4	0
0.444	0.913	0	-8.835	1	0.0858	0.00216	7.07e-05	0.0294	0.536	136.897	151173	4	56.59747	7	0
0.301	0.822	0	-9.085	1	0.0591	0.00374	0.0995	0.292	0.814	166.483	138240	4	34.01782	9	0
0.559	0.874	0	-8.575	1	0.0438	0.106	0.835	0.089	0.723	128.982	162707	4	19.42688	9	0
0.236	0.447	2	-8.345	0	0.0312	0.947	0.163	0.291	0.0903	173.71	365160	3	53.84422	19	0
0.233	0.917	2	-6.656	0	0.0675	0.000157	0.405	0.255	0.175	125.954	369680	4	36.24786	11	0
0.53	0.954	7	-4.512	0	0.0531	2.84e-05	0.18	0.191	0.311	137.935	241653	4	56.83242	11	0
0.379	0.579	7	-7.889	1	0.0293	0.193	7.07e-06	0.276	0.501	66.009	171200	3	39.32003	6	0
0.401	0.955	11	-4.98	0	0.0903	4.65e-06	0.578	0.165	0.39	165.063	300507	4	23.77819	17	0
0.693	0.518	4	-10.026	0	0.0271	0.794	1.05e-05	0.111	0.938	102.0	269293	3	57.85465	10	0
0.375	0.823	7	-8.393	1	0.0508	0.0654	0.217	0.56	0.65	78.649	125040	4	56.7099	6	0
0.479	0.434	11	-12.182	1	0.0341	0.0104	0.54	0.273	0.44	107.953	349760	4	55.8105	12	0
0.217	0.524	5	-8.069	1	0.0489	0.00155	0.915	0.115	0.199	126.818	508587	4	21.30999	18	0
0.376	0.789	2	-5.032	0	0.05	0.016	0.704	0.245	0.0483	159.966	722200	4	37.07845	27	0
0.651	0.609	5	-6.76	1	0.0361	0.695	0	0.104	0.584	77.013	230600	4	59.87164	7	0
0.351	0.264	1	-11.801	1	0.0288	0.738	0.82	0.0954	0.122	98.209	164013	4	19.96954	8	0
0.484	0.621	4	-10.419	0	0.0596	0.408	0	0.0787	0.657	141.316	160587	4	18.27729	10	0
0.678	0.977	1	-2.693	1	0.195	0.101	0.0664	0.382	0.47	149.727	262973	4	39.83133	10	0
0.49	0.529	4	-12.968	0	0.053	0.0983	8.59e-05	0.393	0.794	120.364	136080	4	40.23051	7	0
0.353	0.97	1	-4.02	1	0.116	7.6e-05	0.71	0.225	0.417	87.907	160947	4	25.87676	9	0
0.503	0.518	2	-8.697	1	0.0378	0.103	0.574	0.101	0.3	122.345	324122	4	21.76853	9	0
0.792	0.743	0	-3.069	1	0.208	0.00861	0.000918	0.157	0.815	140.906	200853	4	100.14235	5	0
0.461	0.639	7	-9.586	1	0.035	0.175	0.487	0.0812	0.466	113.945	347809	4	29.35632	10	0
0.421	0.612	7	-9.016	0	0.0368	0.117	0	0.388	0.76	114.614	144320	4	52.84416	7	0
0.6	0.663	9	-9.938	1	0.0653	0.0594	6.76e-05	0.326	0.663	126.266	215440	4	18.25375	12	0
0.841	0.659	11	-3.898	1	0.145	0.0575	0	0.142	0.469	119.98	345600	4	60.43207	12	0
0.814	0.691	11	-3.699	1	0.206	0.0523	0	0.129	0.487	119.979	345760	4	60.57258	11	0
0.518	0.984	5	-4.124	1	0.162	5.28e-06	0.0798	0.163	0.403	100.033	141373	4	30.05855	5	0
0.411	0.835	8	-5.326	1	0.0353	5.58e-05	0.931	0.129	0.154	134.998	259320	4	25.95347	13	0
0.354	0.581	9	-6.074	1	0.0302	0.203	0.655	0.177	0.337	171.961	258587	4	46.86178	10	0
0.617	0.984	0	-3.721	1	0.0997	0.000795	5.03e-05	0.386	0.298	104.982	167760	4	74.56397	4	0
0.546	0.684	0	-7.658	0	0.0282	0.0405	0.112	0.367	0.453	141.011	303147	1	26.68115	14	0
0.219	0.861	6	-4.46	0	0.044	0.000248	0.00103	0.701	0.125	111.205	278693	4	36.64172	12	0
0.354	0.266	10	-10.859	1	0.0447	0.995	0.922	0.155	0.0562	86.622	209373	5	84.75192	9	0
0.535	0.802	7	-5.867	1	0.0329	0.0021	0.0266	0.0588	0.744	81.118	258600	4	25.93122	10	0
0.639	0.94	5	-3.88	0	0.0535	0.000884	7.4e-05	0.168	0.743	139.997	140013	4	55.81929	7	0
0.311	0.219	11	-11.258	0	0.0336	0.807	0.188	0.42	0.0603	96.506	736760	4	40.33755	30	0
0.219	0.861	6	-4.46	0	0.044	0.000248	0.00103	0.701	0.125	111.205	278693	4	36.64172	12	0
0.157	0.962	7	-4.172	1	0.0939	0.00035	0.908	0.135	0.128	161.835	425427	3	50.22072	16	0
0.806	0.783	8	-6.17	1	0.155	0.0976	2.08e-05	0.0921	0.765	139.974	234547	4	42.60858	11	0
0.733	0.673	5	-5.745	1	0.0317	0.352	0.00157	0.0761	0.727	122.004	299973	4	31.19993	13	0
0.459	0.547	2	-8.825	1	0.0326	0.0224	4.09e-05	0.0927	0.351	140.18	383893	4	49.89121	15	0
0.364	0.488	11	-13.367	0	0.0715	0.394	0.592	0.141	0.185	121.096	332013	3	47.6527	14	0
0.439	0.681	9	-7.824	1	0.0302	0.431	0.13	0.701	0.321	172.02	246227	4	28.7714	13	0
0.546	0.684	0	-7.658	0	0.0282	0.0405	0.112	0.367	0.453	141.011	303147	1	26.68115	14	0
0.502	0.563	2	-8.153	1	0.0286	0.202	0.655	0.693	0.0896	159.949	286533	4	39.42733	13	0
0.526	0.565	10	-8.117	1	0.0272	0.264	0.446	0.132	0.133	80.959	417080	4	65.35959	12	0
0.618	0.893	9	-7.371	1	0.0377	0.13	9.04e-05	0.0456	0.738	125.908	55040	3	39.47463	3	0
0.741	0.386	5	-19.427	1	0.454	0.0236	0.00045	0.082	0.375	125.965	62833	4	28.56639	4	0
0.285	0.0205	5	-17.795	0	0.0529	0.949	0.854	0.102	0.272	48.912	168067	4	26.43822	8	0
0.361	0.345	9	-11.243	0	0.0398	0.428	0.619	0.0974	0.0759	116.08	834493	4	64.13083	29	0
0.319	0.976	7	-3.025	1	0.0886	1.36e-05	0.958	0.109	0.12	160.066	360187	4	104.76147	11	0
0.269	0.718	7	-12.066	1	0.0523	0.898	0.0147	0.433	0.667	79.385	141533	4	36.98244	7	0
0.542	0.076	3	-15.575	0	0.0365	0.994	0.891	0.117	0.415	66.606	186680	3	93.9807	4	0
0.541	0.91	1	-3.796	1	0.0735	0.000498	0	0.152	0.795	159.735	169827	4	24.48365	8	0
0.427	0.886	0	-6.304	1	0.037	0.004	0.0532	0.0909	0.857	157.609	234522	4	50.04651	10	0
0.167	0.975	11	-5.046	1	0.108	0.000774	4.9e-05	0.32	0.453	155.672	120867	4	56.49839	6	0
0.244	0.377	2	-12.139	0	0.0318	0.114	0.874	0.109	0.0535	129.709	359720	4	59.67605	9	0
0.389	0.455	9	-8.942	0	0.0313	0.472	0.704	0.679	0.278	120.343	156960	4	33.91328	7	0
0.721	0.559	9	-11.051	0	0.0347	0.603	0.459	0.0848	0.723	120.147	370627	4	35.40933	10	0
0.645	0.823	3	-5.896	0	0.043	0.367	1.65e-06	0.0385	0.758	97.002	184373	4	41.55184	7	0
0.429	0.927	0	-6.565	0	0.0734	0.000259	2.69e-05	0.0615	0.138	94.937	275480	4	152.53558	7	0
0.416	0.912	4	-4.94	0	0.0584	3.94e-06	0.516	0.365	0.534	88.917	261827	4	43.86971	13	0
0.301	0.745	7	-8.05	1	0.0608	0.31	0.00151	0.0952	0.371	76.574	413053	4	38.35336	19	0
0.538	0.562	5	-9.538	1	0.0388	0.377	0.117	0.163	0.768	133.491	153027	4	66.53668	7	0
0.491	0.689	6	-8.272	0	0.0393	0.436	6.26e-05	0.278	0.591	135.554	149373	4	19.11905	11	0
0.509	0.528	11	-8.701	0	0.0305	0.0387	0.00311	0.0743	0.701	135.984	145107	4	23.08909	8	0
0.653	0.739	1	-5.269	0	0.0358	0.104	0.204	0.051	0.677	90.014	320067	4	41.57955	17	0
0.457	0.781	7	-2.23	1	0.0617	0.111	0.000126	0.0922	0.733	128.781	188867	4	44.10071	9	0
0.555	0.874	6	-6.525	1	0.0317	0.54	0.0306	0.138	0.925	160.493	224165	4	30.97496	8	0
0.65	0.837	3	-5.769	0	0.0398	0.378	4.38e-06	0.0376	0.738	96.982	184307	4	40.90269	7	0
0.607	0.94	1	-4.018	1	0.0456	0.00154	0.000267	0.0961	0.493	136.019	179320	4	38.31425	7	0
0.789	0.75	10	-9.015	1	0.0478	0.629	0.000235	0.12	0.85	77.176	168507	4	33.72709	8	0
0.244	0.934	2	-4.439	0	0.059	0.0499	0.0189	0.167	0.473	88.238	301600	4	28.67145	11	0
0.414	0.669	9	-7.225	1	0.0502	0.00858	0.0592	0.316	0.425	117.454	285800	4	64.9203	9	0
0.528	0.827	9	-8.412	1	0.0566	0.0662	0	0.365	0.71	142.548	161160	4	69.89855	6	0
0.478	0.961	1	-3.863	0	0.0613	0.000211	0.000128	0.139	0.514	117.851	171787	4	59.54425	7	0
0.317	0.906	7	-5.19	1	0.0572	0.0734	0.00942	0.111	0.301	164.741	374320	4	75.61796	10	0
0.32	0.82	0	-5.42	1	0.0763	0.00014	0.603	0.0958	0.292	126.521	246493	4	57.87002	10	0
0.391	0.71	4	-9.555	0	0.0397	0.847	0.0709	0.306	0.766	133.003	187693	4	59.8825	7	0
0.918	0.177	3	-14.585	1	0.0499	0.006	0.0355	0.0555	0.873	111.73	279080	4	31.14278	12	0
0.425	0.924	2	-6.159	0	0.039	0.000732	0.267	0.099	0.44	154.029	196027	4	52.24695	7	0
0.263	0.949	0	-3.833	1	0.105	0.000249	8.75e-05	0.105	0.556	165.264	164240	4	34.71532	10	0
0.248	0.436	11	-11.823	0	0.0325	0.853	0.971	0.152	0.0377	104.829	249373	4	71.79509	9	0
0.519	0.98	8	-2.489	1	0.252	0.021	0	0.0757	0.368	132.117	251600	4	24.12712	12	0
0.451	0.539	4	-9.096	0	0.0281	0.0687	0.776	0.708	0.089	91.973	518907	4	79.24149	14	0
0.448	0.358	9	-19.23	0	0.0333	0.926	0.883	0.109	0.441	152.162	204707	4	59.23171	7	0
0.504	0.938	1	-4.15	1	0.0705	4.56e-06	0.000466	0.123	0.869	174.885	107787	4	56.99683	5	0
0.728	0.445	0	-19.152	1	0.523	0.0539	0	0.206	0.676	108.407	284367	4	20.22068	15	0
0.346	0.88	5	-5.923	0	0.043	3.82e-06	0.25	0.183	0.413	116.964	195520	4	35.50206	10	0
0.704	0.758	11	-5.292	0	0.0299	0.0122	1.67e-05	0.135	0.492	124.027	259067	4	41.30055	10	0
0.589	0.686	4	-9.012	1	0.0538	0.00522	5.47e-05	0.195	0.748	128.358	154280	4	22.51442	8	0
0.37	0.644	2	-12.695	1	0.051	0.487	3.93e-06	0.32	0.863	141.663	161293	4	29.91188	7	0
0.384	0.901	8	-4.823	1	0.0655	1.23e-05	0.00025	0.152	0.69	153.779	147680	4	25.82016	5	0
0.226	0.454	9	-13.565	1	0.0375	0.00224	0.675	0.356	0.649	79.025	125280	4	30.60632	5	0
0.288	0.613	0	-8.346	1	0.0358	0.313	0.162	0.107	0.193	115.86	345120	4	22.27652	18	0
0.352	0.975	0	-5.476	0	0.16	1.89e-06	0.888	0.145	0.0897	110.119	352973	4	35.3785	11	0
0.457	0.581	11	-7.683	0	0.0266	0.0327	3.47e-06	0.419	0.781	135.595	154733	4	69.87602	6	0
0.456	0.776	9	-6.999	0	0.0348	0.0423	0.00975	0.148	0.223	174.261	358600	4	25.251	15	0
0.525	0.473	2	-7.481	1	0.0258	0.472	0	0.136	0.274	80.01	195533	4	27.61034	8	0
0.364	0.325	4	-13.594	0	0.0446	0.727	0.701	0.0774	0.0565	122.311	409133	3	86.56137	17	0
0.449	0.155	0	-19.44	0	0.0363	0.864	0.159	0.121	0.146	118.525	378813	4	64.50345	9	0
0.608	0.499	7	-12.738	1	0.0505	0.892	1.55e-06	0.217	0.689	159.231	113133	4	62.52954	4	0
0.436	0.853	5	-7.449	1	0.0538	0.0121	0.753	0.0691	0.335	94.906	428787	4	34.20054	13	0
0.484	0.555	2	-7.559	0	0.0355	0.795	0	0.268	0.29	104.923	249360	4	60.85778	10	0
0.274	0.863	10	-5.03	0	0.041	3.86e-05	0.0213	0.216	0.347	102.36	239960	4	35.20765	9	0
0.554	0.8	7	-6.932	1	0.0343	0.0278	0.196	0.154	0.682	151.292	279840	3	38.5558	12	0
0.718	0.902	8	-6.058	1	0.292	0.238	0	0.468	0.552	125.937	348813	4	113.1573	10	0
0.0678	0.169	9	-11.78	1	0.0355	0.00239	0.885	0.09	0.0342	70.71	256493	5	64.38325	7	0
0.449	0.756	7	-8.08	1	0.05	0.351	0.00239	0.1	0.397	76.6	413053	4	39.91008	16	0
0.471	0.678	5	-16.258	0	0.0608	0.0123	0.00126	0.323	0.634	186.094	214267	4	21.54063	10	0
0.262	0.771	7	-5.81	1	0.0392	1.16e-05	0.0284	0.416	0.136	121.728	241547	4	57.93112	13	0
0.643	0.606	9	-10.032	1	0.0572	0.35	2.02e-05	0.0448	0.89	154.813	165667	4	55.35873	8	0
0.249	0.343	7	-8.741	1	0.0339	0.498	0.0803	0.098	0.181	145.971	245787	4	60.20167	12	0
0.365	0.94	7	-4.85	0	0.0695	5.77e-06	0.752	0.28	0.522	149.991	253507	4	50.6784	12	0
0.459	0.719	9	-5.631	1	0.0283	0.0952	0.861	0.106	0.23	112.896	210453	4	35.60678	13	0
0.54	0.505	2	-5.953	0	0.0303	0.00378	0.013	0.104	0.41	159.973	226760	3	32.31916	10	0
0.331	0.796	1	-11.921	1	0.0653	0.0631	0.0903	0.352	0.688	142.769	183773	4	45.62246	9	0
0.61	0.848	11	-4.379	0	0.0347	0.000508	0.636	0.717	0.695	98.02	278520	4	38.76127	11	0
0.373	0.934	8	-7.267	1	0.0417	0.3	0.0337	0.131	0.474	99.959	282507	4	220.20372	4	0
0.587	0.799	2	-8.978	1	0.0459	0.0214	0.594	0.95	0.408	97.998	402413	4	40.0123	17	0
0.255	0.717	11	-11.301	0	0.0466	0.149	0.005	0.0852	0.384	149.094	161800	4	55.4081	9	0
0.39	0.899	6	-6.493	0	0.0647	0.000364	0.0943	0.231	0.399	123.261	444760	4	47.93224	21	0
0.771	0.0828	2	-19.36	1	0.0566	0.994	0.925	0.119	0.11	129.124	299067	3	43.28637	9	0
0.65	0.984	2	-4.05	1	0.0685	4.72e-05	0.908	0.0842	0.119	127.988	415640	4	60.51767	14	0
0.624	0.91	0	-5.703	1	0.0297	0.0285	0.000198	0.0789	0.767	104.042	193051	4	28.44916	8	0
0.308	0.976	1	-4.391	1	0.0634	5.68e-05	0.158	0.206	0.303	120.017	187880	4	56.60845	8	0
0.374	0.936	1	-5.746	1	0.0906	0.000335	0.00174	0.139	0.394	120.896	114760	4	41.34274	6	0
0.792	0.572	2	-7.527	1	0.0568	0.78	0	0.0901	0.638	108.069	203987	4	19.76895	11	0
0.294	0.645	9	-9.809	0	0.0352	0.0147	0.848	0.0454	0.149	99.944	512587	4	22.25869	21	0
0.182	0.923	11	-8.588	1	0.0974	0.333	0.907	0.249	0.0329	91.162	342333	4	72.68416	8	0
0.356	0.791	1	-4.001	0	0.0432	0.000512	0.931	0.171	0.15	85.721	259400	4	57.60954	10	0
0.497	0.908	9	-6.754	1	0.0357	0.00523	0.00206	0.129	0.589	106.42	280184	4	39.46697	9	0
0.351	0.31	2	-14.1	0	0.0374	0.5	0.755	0.165	0.0689	109.911	350160	4	37.16368	17	0
0.169	0.695	2	-8.112	1	0.0548	0.0381	0.517	0.209	0.0496	172.245	1034680	4	52.62154	51	0
0.484	0.963	8	-4.151	1	0.0888	9.53e-06	0.84	0.124	0.2	109.999	223840	4	61.29191	8	0
0.451	0.539	4	-9.096	0	0.0281	0.0687	0.776	0.708	0.089	91.973	518907	4	79.24149	14	0
0.473	0.555	0	-10.241	1	0.0294	0.0619	0	0.324	0.961	143.461	171413	4	44.07499	7	0
0.253	0.965	1	-3.947	1	0.079	1.27e-05	0	0.0356	0.707	179.659	216800	4	32.41385	10	0
0.602	0.289	8	-9.647	0	0.0268	0.353	4.65e-05	0.0666	0.535	99.534	150693	3	33.8696	8	0
0.666	0.942	7	-3.356	1	0.0591	0.00253	0	0.114	0.581	110.019	209067	4	20.32526	10	0
0.433	0.941	7	-3.904	1	0.0705	0.0011	6.69e-06	0.201	0.263	179.94	149427	4	32.92094	7	0
0.567	0.804	11	-6.45	0	0.0301	0.123	0.288	0.123	0.851	152.318	237307	4	23.36791	9	0
0.567	0.716	4	-11.706	1	0.0397	0.149	1.13e-06	0.207	0.773	117.343	166227	4	28.9929	10	0
0.516	0.694	5	-6.081	1	0.0295	0.227	0.00478	0.143	0.493	75.912	290013	5	43.66392	11	0
0.323	0.981	7	-3.409	1	0.0867	0.000927	0	0.246	0.62	161.881	119067	4	33.83401	6	0
0.434	0.976	2	-5.062	0	0.0917	1.29e-05	0.413	0.242	0.211	97.48	296293	4	40.57994	11	0
0.132	0.337	9	-13.192	1	0.0322	0.743	0.837	0.111	0.0664	96.3	151293	4	40.7759	6	0
0.556	0.428	5	-9.983	1	0.0502	0.073	1.97e-05	0.0658	0.667	141.099	136827	4	30.54456	8	0
0.302	0.559	11	-10.614	1	0.0463	0.441	0	0.113	0.307	104.843	140240	4	32.98261	7	0
0.727	0.875	5	-4.208	0	0.315	0.0992	0	0.116	0.626	144.053	258467	4	26.14954	12	0
0.43	0.0603	5	-21.059	0	0.0563	0.943	0.552	0.156	0.126	134.945	96160	4	25.66376	5	0
0.502	0.565	2	-9.326	1	0.0283	0.054	0.502	0.589	0.351	160.013	439800	3	39.75889	14	0
0.15	0.695	0	-8.352	1	0.0393	0.0282	0.0315	0.0971	0.722	154.737	159413	4	46.4563	7	0
0.287	0.499	4	-12.262	1	0.0377	0.727	0.96	0.12	0.293	95.287	157813	4	50.52781	6	0
0.677	0.986	4	-10.187	0	0.61	0.242	0	0.34	0.0379	160.151	52467	4	36.95408	4	0
0.405	0.817	4	-8.174	0	0.0509	0.193	0.209	0.109	0.431	118.563	244133	3	58.98625	10	0
0.917	0.847	3	-5.21	0	0.0828	0.000655	0	0.0722	0.751	123.01	222533	4	87.02498	8	0
0.184	0.678	5	-11.167	1	0.0598	0.079	0.429	0.309	0.152	118.014	445640	4	151.83521	13	0
0.337	0.647	9	-7.174	1	0.0366	0.155	0.0549	0.29	0.509	136.64	186373	4	30.83486	8	0
0.796	0.307	0	-14.211	0	0.0479	6.55e-05	0.0178	0.133	0.522	111.369	271200	4	38.7848	11	0
0.206	0.467	8	-18.02	1	0.0455	0.000124	2.62e-05	0.195	0.712	171.552	125867	4	38.32845	6	0
0.451	0.886	9	-13.725	1	0.0853	0.00145	0	0.482	0.671	112.478	121000	4	65.36058	5	0
0.174	0.85	5	-6.304	1	0.0553	1.17e-05	0.0869	0.0522	0.136	100.589	672240	4	73.42513	27	0
0.372	0.957	7	-6.178	1	0.074	0.0713	0.173	0.19	0.0819	149.327	374733	4	51.42288	12	0
0.303	0.745	7	-8.041	1	0.0559	0.315	0.0021	0.0951	0.378	76.209	411179	4	39.98319	16	0
0.339	0.684	5	-14.284	0	0.0879	0.914	0.777	0.119	0.187	125.039	375133	4	156.11516	11	0
0.406	0.497	4	-8.945	1	0.0273	0.00455	0.776	0.116	0.0541	149.847	281067	4	36.07494	11	0
0.421	0.369	11	-13.09	0	0.0266	0.875	0.216	0.109	0.449	103.476	283587	4	73.7497	11	0
0.501	0.715	0	-7.382	1	0.0301	0.0774	0.00603	0.0653	0.502	148.971	153809	4	33.21894	9	0
0.776	0.686	5	-6.734	0	0.0498	0.234	0.66	0.0911	0.631	134.349	229520	4	29.63053	10	0
0.598	0.737	11	-8.522	0	0.0318	0.519	2.05e-05	0.0737	0.699	129.583	157893	4	53.98997	8	0
0.407	0.981	5	-3.265	1	0.076	1.94e-05	0.911	0.248	0.0897	95.07	340280	4	43.06538	19	0
0.332	0.446	2	-10.229	1	0.0306	0.67	8.7e-05	0.0688	0.534	138.004	255813	4	29.08792	10	0
0.48	0.948	1	-4.127	1	0.0612	3.31e-06	0.00106	0.107	0.877	174.88	107787	4	56.9982	5	0
0.297	0.366	4	-11.5	1	0.0548	0.792	0.691	0.0874	0.226	78.92	431600	4	31.36214	17	0
0.349	0.897	0	-6.624	0	0.055	2.43e-05	0.0518	0.162	0.0839	95.048	336680	4	63.68915	11	0
0.406	0.924	8	-6.096	1	0.0746	2.72e-05	0.18	0.105	0.265	135.068	284173	4	50.29027	15	0
0.425	0.723	0	-16.879	1	0.0412	7.52e-05	0.00163	0.155	0.686	181.803	150533	4	30.9051	8	0
0.224	0.811	9	-7.994	1	0.0458	0.076	0	0.313	0.486	102.735	247240	4	29.6595	13	0
0.582	0.604	2	-8.506	1	0.0418	0.21	0.799	0.117	0.651	137.571	324413	4	44.1816	11	0
0.216	0.934	0	-5.381	1	0.0832	0.000961	0.96	0.169	0.0399	131.009	607573	4	38.07531	15	0
0.516	0.947	0	-6.358	1	0.0406	0.503	0.0467	0.411	0.727	195.718	239003	3	45.17759	11	0
0.284	0.534	2	-12.304	0	0.0513	0.14	0.00335	0.199	0.871	186.956	138000	4	26.05447	10	0
0.435	0.931	7	-2.657	1	0.0514	0.000833	0.0175	0.0704	0.702	174.171	257267	4	47.5976	11	0
0.378	0.874	11	-9.752	1	0.0352	0.149	0.302	0.0824	0.34	142.091	338175	4	49.68882	12	0
0.321	0.362	5	-8.611	1	0.03	0.861	0.000435	0.105	0.258	97.211	230133	4	27.34527	8	0
0.558	0.961	1	-4.834	1	0.0678	0.000276	0.000507	0.229	0.278	110.134	201440	4	25.54408	9	0
0.411	0.482	9	-13.594	1	0.362	0.0723	0.824	0.0847	0.299	77.076	270933	1	41.89997	16	0
0.798	0.737	8	-8.247	1	0.053	0.0547	0.591	0.0804	0.894	140.618	192373	4	21.27415	10	0
0.15	0.3	5	-15.268	1	0.0406	0.501	0.803	0.0946	0.0356	64.529	267147	4	45.56947	13	0
0.228	0.392	11	-8.469	0	0.0283	0.614	0.257	0.508	0.0462	79.69	279240	4	35.22098	11	0
0.778	0.69	5	-6.724	0	0.0504	0.245	0.704	0.0997	0.655	134.336	229520	4	29.6137	10	0
0.462	0.681	11	-5.18	0	0.0628	0.856	0.000416	0.425	0.317	105.055	89165	4	77.84027	3	0
0.478	0.746	9	-9.005	0	0.0305	0.894	0	0.264	0.944	138.863	153960	4	49.2249	9	0
0.536	0.936	7	-3.62	1	0.0868	0.00206	1.55e-06	0.372	0.626	179.939	169587	4	31.76618	8	0
0.506	0.875	2	-7.146	0	0.0357	0.0365	0.24	0.792	0.568	95.017	305613	4	48.46267	9	0
0.406	0.688	7	-6.29	1	0.0583	0.000386	0.788	0.0374	0.651	82.52	227733	4	24.78579	8	0
0.418	0.673	7	-7.473	0	0.0351	0.00399	0.903	0.242	0.164	100.042	345200	5	33.35282	12	0
0.277	0.811	0	-6.053	0	0.0695	6.41e-06	0.892	0.411	0.122	109.957	363227	4	60.38964	12	0
0.555	0.632	11	-6.854	0	0.11	0.406	0.294	0.0727	0.775	83.701	228920	4	33.15121	10	0
0.324	0.984	5	-4.435	0	0.131	3.31e-06	0.427	0.419	0.368	94.839	103227	4	35.74748	7	0
0.784	0.539	11	-7.676	0	0.0406	0.317	0.377	0.0989	0.962	122.53	221227	4	36.76799	11	0
0.538	0.717	10	-5.658	1	0.0272	0.0161	0.452	0.235	0.12	118.941	411827	4	51.97506	16	0
0.515	0.699	5	-6.085	1	0.0288	0.229	0.00863	0.112	0.519	75.937	292333	5	20.80532	13	0
0.506	0.875	2	-7.146	0	0.0357	0.0365	0.24	0.792	0.568	95.017	305613	4	48.46267	9	0
0.537	0.67	7	-6.079	1	0.047	0.00192	0.716	0.115	0.224	154.24	441893	3	25.88198	16	0
0.303	0.721	7	-10.644	1	0.0567	4.53e-05	0.000799	0.225	0.892	197.944	109107	4	46.6235	5	0
0.546	0.963	7	-4.236	0	0.0558	1.2e-05	0.33	0.165	0.412	137.944	277920	4	56.16776	11	0
0.421	0.856	0	-5.495	0	0.0462	9.84e-05	0.00515	0.334	0.247	100.114	325280	4	40.35304	14	0
0.266	0.702	7	-7.784	1	0.0337	0.122	0.24	0.345	0.417	89.506	238213	4	25.86247	7	0
0.467	0.635	4	-10.471	1	0.0331	0.00878	0.0002	0.352	0.91	126.458	176147	4	66.4244	7	0
0.276	0.966	4	-5.947	0	0.117	2.23e-05	0.0298	0.357	0.43	93.546	240160	4	22.1174	11	0
0.791	0.963	1	-3.483	1	0.226	0.244	0	0.365	0.751	146.078	279800	4	36.53788	14	0
0.178	0.777	1	-5.946	1	0.0376	4.4e-05	0.735	0.277	0.0962	80.84	362547	4	80.72716	12	0
0.287	0.692	5	-7.897	1	0.0523	0.0225	0.225	0.0963	0.164	110.869	476773	5	24.37706	16	0
0.497	0.973	4	-4.374	0	0.18	6.9e-06	1.14e-05	0.0783	0.207	152.725	203133	4	20.12288	7	0
0.545	0.28	2	-15.529	0	0.0362	0.579	0.79	0.131	0.0801	110.005	348840	4	35.4654	17	0
0.521	0.583	0	-7.226	1	0.0302	0.0751	0	0.067	0.775	132.877	158760	4	32.91719	9	0
0.123	0.841	9	-17.011	1	0.0416	0.000278	0.0876	0.678	0.444	83.945	130867	4	22.15903	6	0
0.303	0.733	7	-7.312	1	0.0454	4.39e-05	0.847	0.363	0.0655	126.751	234867	4	52.93933	16	0
0.442	0.323	6	-8.058	0	0.0283	0.838	0.000497	0.166	0.0399	87.121	255600	4	24.08785	14	0
0.397	0.961	8	-4.26	1	0.072	5.6e-06	0.92	0.341	0.289	90.053	264747	4	33.055	7	0
0.276	0.629	4	-12.393	1	0.0385	0.000515	0.56	0.595	0.034	155.451	310173	4	49.90129	10	0
0.597	0.306	7	-16.777	1	0.0367	0.722	0.914	0.0864	0.28	110.986	283107	4	26.37371	11	0
0.408	0.499	4	-10.397	0	0.0283	0.166	0	0.148	0.509	81.726	271720	3	28.96761	14	0
0.265	0.74	7	-8.754	0	0.141	0.000556	0.969	0.387	0.232	126.842	161080	4	21.52516	6	0
0.261	0.932	7	-4.994	0	0.068	2.21e-06	0.929	0.122	0.131	170.069	307640	4	21.07208	7	0
0.409	0.744	0	-8.155	1	0.0374	1.94e-05	0.515	0.208	0.149	164.38	279293	4	50.64936	11	0
0.599	0.959	4	-3.254	0	0.0556	0.000502	0	0.188	0.293	100.002	219867	4	22.33166	10	0
0.784	0.539	11	-7.676	0	0.0406	0.317	0.377	0.0989	0.962	122.53	221227	4	36.76799	11	0
0.792	0.559	2	-7.639	1	0.0583	0.804	0	0.0865	0.654	108.095	206600	4	33.66659	9	0
0.348	0.842	3	-13.327	1	0.0603	0.0123	0.927	0.135	0.763	149.444	154787	4	49.63127	5	0
0.33	0.188	3	-14.181	1	0.0287	0.848	0.00215	0.103	0.203	170.822	231800	3	36.401	11	0
0.528	0.556	6	-11.235	1	0.029	0.0385	0.282	0.232	0.0659	118.203	256373	4	77.95423	8	0
0.361	0.345	9	-11.243	0	0.0398	0.428	0.619	0.0974	0.0759	116.08	834493	4	64.13083	29	0
0.399	0.814	4	-8.158	0	0.0595	0.223	0.178	0.109	0.41	119.02	244135	3	59.32683	9	0
0.415	0.689	2	-9.402	1	0.0448	0.0575	0.00226	0.0732	0.939	173.47	127933	4	49.94819	7	0
0.8	0.724	8	-8.216	1	0.0512	0.056	0.63	0.0793	0.892	140.643	192373	4	21.25747	8	0
0.527	0.888	0	-5.715	1	0.0486	0.00202	0.627	0.381	0.294	157.981	586573	4	36.87508	20	0
0.593	0.394	4	-9.005	1	0.0297	0.368	0.87	0.113	0.285	110.911	222013	4	92.99873	9	0
0.544	0.77	9	-9.647	0	0.0353	0.48	0.0431	0.26	0.408	129.995	206987	4	70.16116	6	0
0.303	0.733	7	-7.312	1	0.0454	4.39e-05	0.847	0.363	0.0655	126.751	234867	4	52.93933	16	0
0.674	0.896	9	-5.367	0	0.0492	0.179	0.00169	0.0584	0.553	137.99	246067	4	29.44736	9	0
0.445	0.857	7	-5.861	0	0.0331	4.97e-05	0.905	0.189	0.45	144.975	286360	4	53.90678	12	0
0.334	0.522	3	-6.788	1	0.0287	0.581	6.43e-05	0.149	0.263	189.543	186573	3	56.50815	7	0
0.536	0.594	9	-6.29	0	0.0309	0.00997	0.775	0.657	0.226	159.995	459947	3	47.36784	14	0
0.197	0.833	2	-8.488	0	0.0655	0.00255	0.361	0.178	0.231	179.863	519147	3	59.55626	17	0
0.196	0.458	7	-10.138	1	0.0409	0.00681	0.685	0.113	0.0491	103.757	705787	3	60.84397	17	0
0.505	0.866	1	-10.601	1	0.0413	2.37e-06	0.449	0.964	0.0554	120.02	512107	4	15.70193	18	0
0.732	0.672	5	-5.731	1	0.0314	0.347	0.00262	0.0654	0.754	122.019	299973	4	31.22976	14	0
0.649	0.249	3	-11.201	1	0.0407	0.912	0.694	0.103	0.578	136.936	61973	4	50.84136	3	0
0.32	0.9	7	-5.129	1	0.0574	0.0694	0.00427	0.129	0.283	164.575	374320	4	75.64653	10	0
0.801	0.795	5	-4.833	0	0.0636	0.0638	0.0248	0.0996	0.862	123.002	195227	4	29.43879	10	0
0.835	0.693	4	-6.521	0	0.0374	0.137	0.492	0.136	0.929	119.699	242440	4	17.42192	10	0
0.66	0.399	2	-10.842	1	0.0301	0.325	0.926	0.115	0.0654	99.992	315200	4	38.29665	12	0
0.435	0.931	7	-2.657	1	0.0514	0.000833	0.0175	0.0704	0.702	174.171	257267	4	47.5976	11	0
0.46	0.679	9	-7.457	1	0.0269	0.0178	0.00352	0.0767	0.27	110.395	319373	4	30.35239	14	0
0.595	0.897	2	-6.262	1	0.0451	0.405	0.802	0.334	0.442	109.697	235040	1	66.70796	7	0
0.374	0.853	4	-17.521	0	0.0555	0.00379	0.00393	0.0752	0.488	108.495	134167	4	37.1117	6	0
0.296	0.614	2	-7.186	0	0.0326	0.00246	0.878	0.217	0.172	154.06	325573	4	34.46665	12	0
0.613	0.939	1	-3.894	1	0.048	0.00125	0.000393	0.0862	0.51	136.025	179333	4	38.31651	7	0
0.458	0.618	0	-9.141	1	0.0378	0.145	0.0199	0.911	0.322	123.95	422813	3	34.24334	14	0
0.244	0.934	2	-4.439	0	0.059	0.0499	0.0189	0.167	0.473	88.238	301600	4	28.67145	11	0
0.45	0.724	7	-6.058	1	0.0312	0.228	0	0.0712	0.962	123.271	133533	4	20.7018	10	0
0.198	0.168	6	-13.751	0	0.032	0.904	8.39e-06	0.697	0.0394	174.551	247387	4	29.42765	16	0
0.251	0.777	7	-14.491	1	0.0537	0.11	3.03e-05	0.326	0.402	194.749	150467	4	28.74401	7	0
0.596	0.563	8	-9.683	1	0.038	0.0236	0	0.162	0.919	125.546	142587	4	32.94479	11	0
0.784	0.539	11	-7.676	0	0.0406	0.317	0.377	0.0989	0.962	122.53	221227	4	36.76799	11	0
0.347	0.959	1	-4.73	1	0.0733	0.000169	0.00137	0.197	0.265	110.272	201440	4	25.54805	9	0
0.899	0.87	8	-4.716	1	0.175	0.00113	0	0.082	0.64	122.999	234754	4	37.91711	13	0
0.517	0.843	0	-7.669	1	0.0357	0.0659	5.29e-05	0.335	0.492	107.955	216133	4	57.61429	11	0
0.433	0.54	0	-10.674	1	0.0648	0.696	0.366	0.181	0.785	200.959	146053	4	29.38152	11	0
0.479	0.559	11	-10.434	0	0.036	0.647	5.77e-06	0.536	0.656	127.48	124600	4	21.55088	9	0
0.398	0.795	0	-6.66	1	0.0488	0.0744	0.00365	0.166	0.323	100.9	441933	4	48.07805	17	0
0.449	0.705	1	-10.86	1	0.0369	0.0804	0.000419	0.047	0.964	152.844	145680	4	31.47256	7	0
0.384	0.614	4	-17.649	1	0.0338	0.0176	0	0.331	0.669	95.297	126767	4	26.50249	6	0
0.243	0.673	2	-10.736	1	0.0476	0.124	0.0361	0.846	0.292	95.821	438947	4	76.35519	13	0
0.347	0.717	2	-11.176	0	0.141	0.286	0.507	0.704	0.609	151.499	100720	4	32.02398	5	0
0.61	0.848	11	-4.379	0	0.0347	0.000508	0.636	0.717	0.695	98.02	278520	4	38.76127	11	0
0.447	0.298	0	-10.879	1	0.0314	0.194	0.277	0.185	0.0732	132.078	328333	4	25.85949	12	0
0.3	0.55	2	-8.841	1	0.0333	0.0245	3.76e-05	0.0903	0.357	140.276	383667	4	92.25587	15	0
0.411	0.813	4	-5.766	0	0.0359	5.52e-05	0.906	0.222	0.117	140.004	206733	4	44.94551	6	0
0.502	0.565	2	-9.326	1	0.0283	0.054	0.502	0.589	0.351	160.013	439800	3	39.75889	14	0
0.406	0.682	7	-6.281	1	0.0584	0.000413	0.849	0.0999	0.623	82.495	223980	4	24.86753	7	0
0.534	0.772	7	-6.637	1	0.124	0.352	0.42	0.0816	0.694	140.093	112120	4	33.31778	7	0
0.509	0.969	7	-2.374	1	0.257	0.0195	0	0.0416	0.439	107.547	251573	3	22.09739	12	0
0.449	0.541	11	-10.299	0	0.0417	0.0873	0	0.17	0.276	125.156	179096	4	30.53183	7	0
0.779	0.584	9	-6.821	1	0.0389	0.177	0.182	0.0901	0.963	122.367	212773	4	36.77552	11	0
0.476	0.977	1	-5.864	1	0.0782	1.56e-05	0.00148	0.0989	0.483	97.469	186133	4	35.07537	7	0
0.326	0.481	2	-10.671	1	0.0376	0.0387	0.0076	0.197	0.307	130.288	163467	4	26.53001	8	0
0.572	0.945	2	-4.424	1	0.0299	8.81e-05	0.764	0.375	0.717	129.983	384387	4	48.10329	10	0
0.198	0.0925	6	-24.207	1	0.0376	0.86	0.992	0.144	0.0386	111.009	125507	1	26.81473	8	0
0.812	0.242	5	-21.349	1	0.136	0.276	0.000126	0.123	0.459	109.982	34100	4	22.14115	3	0
0.179	0.332	0	-17.262	0	0.0856	0.978	0.0434	0.129	0.313	75.035	275093	4	30.77391	8	0
0.215	0.606	2	-6.855	0	0.0393	0.00387	0.757	0.0641	0.156	151.807	266827	5	47.09953	10	0
0.369	0.984	0	-3.698	1	0.131	3.01e-05	3.38e-06	0.299	0.238	181.758	209387	4	63.14129	7	0
0.761	0.782	9	-6.395	1	0.154	0.146	0.16	0.0812	0.747	79.224	194960	4	23.61727	5	0
0.831	0.943	8	-3.447	1	0.251	0.132	0.000337	0.0787	0.937	158.061	325733	4	22.04922	16	0
0.45	0.477	6	-10.927	0	0.0328	0.00141	0.361	0.0861	0.641	141.61	144893	4	70.97965	5	0
0.522	0.675	7	-8.959	1	0.0282	0.164	0.621	0.101	0.282	134.035	284947	4	58.05687	10	0
0.653	0.739	1	-5.274	0	0.0355	0.104	0.198	0.043	0.685	90.009	320067	4	41.57852	18	0
0.294	0.399	2	-12.945	1	0.039	0.717	0.498	0.0932	0.111	109.11	152627	3	63.43489	7	0
0.262	0.771	7	-5.81	1	0.0392	1.16e-05	0.0284	0.416	0.136	121.728	241547	4	57.93112	13	0
0.676	0.22	7	-17.356	1	0.0458	0.011	0.895	0.0857	0.104	82.621	186307	4	63.66879	7	0
0.388	0.722	9	-9.561	0	0.0398	0.436	0.000506	0.253	0.865	141.688	149240	4	60.16519	6	0
0.384	0.64	7	-10.184	1	0.038	0.0555	0.614	0.141	0.215	135.287	338440	4	27.68831	14	0
0.272	0.851	2	-6.246	1	0.0363	0.105	0.209	0.807	0.289	94.598	281080	4	54.18408	10	0
0.378	0.803	5	-10.643	1	0.0832	0.0842	0.229	0.379	0.243	148.099	336533	4	39.05713	9	0
0.783	0.341	0	-13.276	0	0.0805	0.00838	0	0.114	0.538	111.355	238213	4	31.80311	12	0
0.243	0.673	2	-10.736	1	0.0476	0.124	0.0361	0.846	0.292	95.821	438947	4	76.35519	13	0
0.415	0.952	7	-3.539	1	0.105	6.58e-06	0.0138	0.0528	0.899	177.978	99013	4	26.07699	6	0
0.289	0.96	1	-6.03	1	0.108	2.08e-05	0.0253	0.305	0.407	97.605	240160	4	22.11923	11	0
0.552	0.639	2	-10.215	1	0.0333	0.00752	0	0.155	0.654	93.993	139587	4	16.18598	7	0
0.636	0.829	9	-6.834	1	0.0291	0.203	0.0197	0.281	0.586	110.938	213133	4	52.48258	8	0
0.481	0.625	5	-8.348	1	0.0346	0.251	1.49e-06	0.136	0.721	149.874	326440	4	47.78085	11	0
0.411	0.316	7	-8.605	1	0.029	0.938	0.894	0.113	0.121	150.191	352640	3	19.74424	14	0
0.321	0.384	2	-11.576	1	0.0407	0.0782	0.249	0.125	0.189	143.039	151093	4	18.81	7	0
0.297	0.976	1	-4.54	1	0.0663	5.06e-05	0.134	0.204	0.302	119.955	187880	4	56.607	8	0
0.459	0.649	2	-8.988	1	0.0362	0.194	0.0117	0.0997	0.619	151.755	132120	4	26.15414	7	0
0.433	0.699	11	-5.075	0	0.0667	0.842	6.97e-05	0.437	0.32	105.006	89120	4	72.21425	3	0
0.728	0.703	9	-6.878	0	0.0431	0.525	0.436	0.121	0.406	139.677	257533	4	31.41188	12	0
0.654	0.932	1	-4.798	1	0.341	0.00284	0	0.281	0.479	128.961	219093	4	30.10368	8	0
0.676	0.779	1	-4.496	1	0.037	0.498	1.22e-06	0.159	0.886	116.287	243307	4	47.55083	9	0
0.231	0.412	0	-13.722	1	0.0348	0.561	0.91	0.125	0.216	164.763	434267	4	46.88389	11	0
0.583	0.532	6	-11.724	0	0.0289	0.0594	0.936	0.489	0.266	132.049	193133	4	30.49618	9	0
0.311	0.985	7	-3.697	1	0.157	7.94e-05	1.59e-05	0.149	0.353	144.926	148533	4	49.30506	6	0
0.598	0.451	2	-11.297	0	0.0348	0.915	0.947	0.135	0.162	107.374	331653	4	27.00114	13	0
0.651	0.74	1	-5.193	0	0.0364	0.0998	0.202	0.0416	0.687	90.008	316707	4	22.8798	18	0
0.436	0.595	1	-12.706	1	0.059	0.785	0.0872	0.11	0.725	145.505	163947	4	48.25609	7	0
0.377	0.984	5	-4.358	0	0.115	3.37e-06	0.482	0.423	0.385	96.399	103227	4	36.38267	7	0
0.289	0.955	1	-5.691	1	0.0743	4.38e-06	0.834	0.373	0.372	136.074	251000	4	27.71872	16	0
0.522	0.957	2	-5.996	1	0.14	0.00368	0.782	0.0824	0.114	124.712	393760	4	79.15501	10	0
0.46	0.38	7	-11.753	1	0.0325	0.00161	0.806	0.0829	0.07	169.959	310587	4	34.30486	9	0
0.526	0.565	10	-8.117	1	0.0272	0.264	0.446	0.132	0.133	80.959	417080	4	65.35959	12	0
0.667	0.903	2	-5.558	1	0.0404	0.0132	0.00194	0.228	0.336	138.989	204133	4	29.25531	10	0
0.426	0.67	9	-8.514	1	0.0316	0.0209	1.82e-05	0.0721	0.924	120.255	170307	4	34.77394	9	0
0.425	0.957	7	-6.145	1	0.0832	0.0742	0.149	0.229	0.0751	117.981	374733	1	50.92732	13	0
0.228	0.392	11	-8.469	0	0.0283	0.614	0.257	0.508	0.0462	79.69	279240	4	35.22098	11	0
0.356	0.769	2	-7.89	1	0.0559	0.78	0.00912	0.256	0.443	79.964	183000	4	46.9098	9	0
0.435	0.151	10	-20.812	0	0.125	0.285	0.841	0.0846	0.198	91.795	185040	4	44.88789	7	0
0.238	0.84	7	-6.034	0	0.0457	3.93e-05	0.466	0.0869	0.22	106.625	323160	4	34.82982	11	0
0.166	0.714	0	-6.424	1	0.0343	4.2e-05	0.421	0.246	0.14	147.501	249813	4	37.08504	11	0
0.43	0.309	4	-15.311	0	0.0541	0.927	0.917	0.114	0.0557	123.814	332947	3	69.97546	13	0
0.322	0.662	7	-16.531	1	0.0574	0.00727	0	0.25	0.813	81.088	163733	4	19.66247	9	0
